Problem,OpBlocks,Num_Operators,fneCRMprod_convex_it,fneCRMprod_convex_elapsed,fneCimmino_convex_it,fneCimmino_convex_elapsed,,CRM-it,Cimmino-it
Block=1_Prob=1_n=10_nsets=40,"Vector{T} where T[[1, 2, 3, 4], [5, 6, 7, 8, 9], [10, 11, 12], [13, 14, 15], [16, 17, 18], [19, 20, 21, 22, 23], [24, 25, 26, 27, 28], [29, 30, 31], [32, 33, 34, 35, 36], [37, 38, 39], [40]]",11,238,0.3701306692857143,1882,7.20790954,,119,941
Block=1_Prob=2_n=10_nsets=40,"Vector{T} where T[[1, 2, 3, 4], [5, 6, 7, 8, 9], [10, 11, 12], [13, 14, 15], [16, 17, 18], [19, 20, 21, 22, 23], [24, 25, 26, 27, 28], [29, 30, 31], [32, 33, 34, 35, 36], [37, 38, 39], [40]]",11,132,0.2728865765263158,836,1.4141570034000002,,66,418
Block=2_Prob=1_n=10_nsets=40,"Vector{T} where T[[1, 2, 3, 4, 5], [6, 7, 8], [9, 10, 11, 12], [13, 14, 15], [16, 17, 18, 19, 20], [21, 22, 23, 24], [25, 26, 27, 28, 29], [30, 31, 32, 33, 34], [35, 36, 37, 38, 39], [40]]",10,94,0.3845235823571429,2620,5.157539771000001,,47,1310
Block=2_Prob=2_n=10_nsets=40,"Vector{T} where T[[1, 2, 3, 4, 5], [6, 7, 8], [9, 10, 11, 12], [13, 14, 15], [16, 17, 18, 19, 20], [21, 22, 23, 24], [25, 26, 27, 28, 29], [30, 31, 32, 33, 34], [35, 36, 37, 38, 39], [40]]",10,332,0.6294106528750001,1552,4.160436296,,166,776
Block=3_Prob=1_n=10_nsets=40,"Vector{T} where T[[1, 2, 3, 4, 5], [6, 7, 8, 9], [10, 11, 12, 13, 14], [15, 16, 17, 18], [19, 20, 21, 22, 23], [24, 25, 26, 27], [28, 29, 30], [31, 32, 33, 34, 35], [36, 37, 38], [39, 40]]",10,56,0.2808785067222222,1322,3.030631329,,28,661
Block=3_Prob=2_n=10_nsets=40,"Vector{T} where T[[1, 2, 3, 4, 5], [6, 7, 8, 9], [10, 11, 12, 13, 14], [15, 16, 17, 18], [19, 20, 21, 22, 23], [24, 25, 26, 27], [28, 29, 30], [31, 32, 33, 34, 35], [36, 37, 38], [39, 40]]",10,348,0.40299526061538465,1914,10.607146475,,174,957
Block=4_Prob=1_n=10_nsets=40,"Vector{T} where T[[1, 2, 3, 4, 5], [6, 7, 8], [9, 10, 11, 12, 13], [14, 15, 16], [17, 18, 19, 20], [21, 22, 23, 24], [25, 26, 27, 28], [29, 30, 31], [32, 33, 34, 35], [36, 37, 38], [39, 40]]",11,220,0.3418922632,898,1.9481099370000001,,110,449
Block=4_Prob=2_n=10_nsets=40,"Vector{T} where T[[1, 2, 3, 4, 5], [6, 7, 8], [9, 10, 11, 12, 13], [14, 15, 16], [17, 18, 19, 20], [21, 22, 23, 24], [25, 26, 27, 28], [29, 30, 31], [32, 33, 34, 35], [36, 37, 38], [39, 40]]",11,58,0.35459850746666666,482,1.5074790980000001,,29,241
Block=5_Prob=1_n=10_nsets=40,"Vector{T} where T[[1, 2, 3, 4, 5], [6, 7, 8, 9], [10, 11, 12, 13], [14, 15, 16, 17], [18, 19, 20, 21, 22], [23, 24, 25, 26, 27], [28, 29, 30], [31, 32, 33, 34, 35], [36, 37, 38, 39, 40]]",9,182,0.45846004963636366,1932,2.025120971666667,,91,966
Block=5_Prob=2_n=10_nsets=40,"Vector{T} where T[[1, 2, 3, 4, 5], [6, 7, 8, 9], [10, 11, 12, 13], [14, 15, 16, 17], [18, 19, 20, 21, 22], [23, 24, 25, 26, 27], [28, 29, 30], [31, 32, 33, 34, 35], [36, 37, 38, 39, 40]]",9,88,0.3003578393333333,418,1.2483176304,,44,209
Block=1_Prob=1_n=10_nsets=100,"Vector{T} where T[[1, 2, 3, 4], [5, 6, 7, 8, 9], [10, 11, 12], [13, 14, 15], [16, 17, 18], [19, 20, 21, 22, 23], [24, 25, 26, 27, 28], [29, 30, 31], [32, 33, 34, 35, 36], [37, 38, 39], [40, 41, 42, 43], [44, 45, 46, 47, 48], [49, 50, 51], [52, 53, 54, 55], [56, 57, 58], [59, 60, 61, 62, 63], [64, 65, 66, 67], [68, 69, 70, 71, 72], [73, 74, 75, 76, 77], [78, 79, 80, 81, 82], [83, 84, 85, 86], [87, 88, 89, 90, 91], [92, 93, 94, 95], [96, 97, 98, 99, 100]]",24,74,1.0087301666000001,2552,5.216244043500001,,37,1276
Block=1_Prob=2_n=10_nsets=100,"Vector{T} where T[[1, 2, 3, 4], [5, 6, 7, 8, 9], [10, 11, 12], [13, 14, 15], [16, 17, 18], [19, 20, 21, 22, 23], [24, 25, 26, 27, 28], [29, 30, 31], [32, 33, 34, 35, 36], [37, 38, 39], [40, 41, 42, 43], [44, 45, 46, 47, 48], [49, 50, 51], [52, 53, 54, 55], [56, 57, 58], [59, 60, 61, 62, 63], [64, 65, 66, 67], [68, 69, 70, 71, 72], [73, 74, 75, 76, 77], [78, 79, 80, 81, 82], [83, 84, 85, 86], [87, 88, 89, 90, 91], [92, 93, 94, 95], [96, 97, 98, 99, 100]]",24,114,1.0065731914,1768,8.533059547,,57,884
Block=2_Prob=1_n=10_nsets=100,"Vector{T} where T[[1, 2, 3, 4], [5, 6, 7, 8, 9], [10, 11, 12, 13], [14, 15, 16], [17, 18, 19, 20, 21], [22, 23, 24], [25, 26, 27], [28, 29, 30, 31, 32], [33, 34, 35], [36, 37, 38, 39, 40], [41, 42, 43], [44, 45, 46, 47], [48, 49, 50, 51], [52, 53, 54, 55], [56, 57, 58], [59, 60, 61, 62], [63, 64, 65], [66, 67, 68, 69, 70], [71, 72, 73, 74, 75], [76, 77, 78, 79], [80, 81, 82, 83], [84, 85, 86, 87], [88, 89, 90, 91, 92], [93, 94, 95, 96, 97], [98, 99, 100]]",25,160,0.9533574145000001,17488,5.8431704485000004,,80,8744
Block=2_Prob=2_n=10_nsets=100,"Vector{T} where T[[1, 2, 3, 4], [5, 6, 7, 8, 9], [10, 11, 12, 13], [14, 15, 16], [17, 18, 19, 20, 21], [22, 23, 24], [25, 26, 27], [28, 29, 30, 31, 32], [33, 34, 35], [36, 37, 38, 39, 40], [41, 42, 43], [44, 45, 46, 47], [48, 49, 50, 51], [52, 53, 54, 55], [56, 57, 58], [59, 60, 61, 62], [63, 64, 65], [66, 67, 68, 69, 70], [71, 72, 73, 74, 75], [76, 77, 78, 79], [80, 81, 82, 83], [84, 85, 86, 87], [88, 89, 90, 91, 92], [93, 94, 95, 96, 97], [98, 99, 100]]",25,164,0.686121723875,8134,3.5658743380000004,,82,4067
Block=3_Prob=1_n=10_nsets=100,"Vector{T} where T[[1, 2, 3, 4, 5], [6, 7, 8, 9, 10], [11, 12, 13], [14, 15, 16, 17, 18], [19, 20, 21, 22], [23, 24, 25], [26, 27, 28, 29], [30, 31, 32, 33, 34], [35, 36, 37, 38, 39], [40, 41, 42], [43, 44, 45, 46, 47], [48, 49, 50, 51, 52], [53, 54, 55, 56], [57, 58, 59, 60, 61], [62, 63, 64, 65], [66, 67, 68], [69, 70, 71, 72, 73], [74, 75, 76, 77], [78, 79, 80, 81], [82, 83, 84, 85], [86, 87, 88, 89, 90], [91, 92, 93], [94, 95, 96, 97, 98], [99, 100]]",24,296,0.69303457,1830,7.477585289,,148,915
Block=3_Prob=2_n=10_nsets=100,"Vector{T} where T[[1, 2, 3, 4, 5], [6, 7, 8, 9, 10], [11, 12, 13], [14, 15, 16, 17, 18], [19, 20, 21, 22], [23, 24, 25], [26, 27, 28, 29], [30, 31, 32, 33, 34], [35, 36, 37, 38, 39], [40, 41, 42], [43, 44, 45, 46, 47], [48, 49, 50, 51, 52], [53, 54, 55, 56], [57, 58, 59, 60, 61], [62, 63, 64, 65], [66, 67, 68], [69, 70, 71, 72, 73], [74, 75, 76, 77], [78, 79, 80, 81], [82, 83, 84, 85], [86, 87, 88, 89, 90], [91, 92, 93], [94, 95, 96, 97, 98], [99, 100]]",24,450,0.666400686375,2364,6.171993341,,225,1182
Block=4_Prob=1_n=10_nsets=100,"Vector{T} where T[[1, 2, 3, 4, 5], [6, 7, 8, 9, 10], [11, 12, 13, 14, 15], [16, 17, 18, 19, 20], [21, 22, 23, 24, 25], [26, 27, 28, 29, 30], [31, 32, 33, 34, 35], [36, 37, 38], [39, 40, 41], [42, 43, 44, 45], [46, 47, 48], [49, 50, 51, 52], [53, 54, 55], [56, 57, 58, 59, 60], [61, 62, 63, 64], [65, 66, 67, 68], [69, 70, 71], [72, 73, 74], [75, 76, 77, 78], [79, 80, 81, 82, 83], [84, 85, 86, 87, 88], [89, 90, 91], [92, 93, 94, 95], [96, 97, 98, 99], [100]]",25,182,0.8953956211666667,3912,5.9592939535000005,,91,1956
Block=4_Prob=2_n=10_nsets=100,"Vector{T} where T[[1, 2, 3, 4, 5], [6, 7, 8, 9, 10], [11, 12, 13, 14, 15], [16, 17, 18, 19, 20], [21, 22, 23, 24, 25], [26, 27, 28, 29, 30], [31, 32, 33, 34, 35], [36, 37, 38], [39, 40, 41], [42, 43, 44, 45], [46, 47, 48], [49, 50, 51, 52], [53, 54, 55], [56, 57, 58, 59, 60], [61, 62, 63, 64], [65, 66, 67, 68], [69, 70, 71], [72, 73, 74], [75, 76, 77, 78], [79, 80, 81, 82, 83], [84, 85, 86, 87, 88], [89, 90, 91], [92, 93, 94, 95], [96, 97, 98, 99], [100]]",25,776,0.678005556375,8418,2.9784685295,,388,4209
Block=5_Prob=1_n=10_nsets=100,"Vector{T} where T[[1, 2, 3, 4], [5, 6, 7], [8, 9, 10], [11, 12, 13, 14], [15, 16, 17, 18, 19], [20, 21, 22, 23], [24, 25, 26, 27], [28, 29, 30, 31], [32, 33, 34, 35, 36], [37, 38, 39, 40, 41], [42, 43, 44], [45, 46, 47, 48], [49, 50, 51], [52, 53, 54, 55], [56, 57, 58, 59], [60, 61, 62], [63, 64, 65, 66, 67], [68, 69, 70, 71], [72, 73, 74, 75, 76], [77, 78, 79], [80, 81, 82, 83, 84], [85, 86, 87, 88], [89, 90, 91, 92], [93, 94, 95], [96, 97, 98, 99, 100]]",25,80,0.8035304927142858,4422,5.968607498000001,,40,2211
Block=5_Prob=2_n=10_nsets=100,"Vector{T} where T[[1, 2, 3, 4], [5, 6, 7], [8, 9, 10], [11, 12, 13, 14], [15, 16, 17, 18, 19], [20, 21, 22, 23], [24, 25, 26, 27], [28, 29, 30, 31], [32, 33, 34, 35, 36], [37, 38, 39, 40, 41], [42, 43, 44], [45, 46, 47, 48], [49, 50, 51], [52, 53, 54, 55], [56, 57, 58, 59], [60, 61, 62], [63, 64, 65, 66, 67], [68, 69, 70, 71], [72, 73, 74, 75, 76], [77, 78, 79], [80, 81, 82, 83, 84], [85, 86, 87, 88], [89, 90, 91, 92], [93, 94, 95], [96, 97, 98, 99, 100]]",25,106,0.9401743360000001,3622,9.7028459065,,53,1811
Block=1_Prob=1_n=10_nsets=200,"Vector{T} where T[[1, 2, 3, 4], [5, 6, 7, 8, 9], [10, 11, 12], [13, 14, 15], [16, 17, 18], [19, 20, 21, 22, 23], [24, 25, 26, 27, 28], [29, 30, 31], [32, 33, 34, 35, 36], [37, 38, 39], [40, 41, 42, 43], [44, 45, 46, 47, 48], [49, 50, 51], [52, 53, 54, 55], [56, 57, 58], [59, 60, 61, 62, 63], [64, 65, 66, 67], [68, 69, 70, 71, 72], [73, 74, 75, 76, 77], [78, 79, 80, 81, 82], [83, 84, 85, 86], [87, 88, 89, 90, 91], [92, 93, 94, 95], [96, 97, 98, 99, 100], [101, 102, 103, 104], [105, 106, 107, 108, 109], [110, 111, 112, 113], [114, 115, 116], [117, 118, 119, 120, 121], [122, 123, 124], [125, 126, 127], [128, 129, 130, 131, 132], [133, 134, 135], [136, 137, 138, 139, 140], [141, 142, 143], [144, 145, 146, 147], [148, 149, 150, 151], [152, 153, 154, 155], [156, 157, 158], [159, 160, 161, 162], [163, 164, 165], [166, 167, 168, 169, 170], [171, 172, 173, 174, 175], [176, 177, 178, 179], [180, 181, 182, 183], [184, 185, 186, 187], [188, 189, 190, 191, 192], [193, 194, 195, 196, 197], [198, 199, 200]]",49,98,1.984924372,38326,15.142943676000002,,49,19163
Block=1_Prob=2_n=10_nsets=200,"Vector{T} where T[[1, 2, 3, 4], [5, 6, 7, 8, 9], [10, 11, 12], [13, 14, 15], [16, 17, 18], [19, 20, 21, 22, 23], [24, 25, 26, 27, 28], [29, 30, 31], [32, 33, 34, 35, 36], [37, 38, 39], [40, 41, 42, 43], [44, 45, 46, 47, 48], [49, 50, 51], [52, 53, 54, 55], [56, 57, 58], [59, 60, 61, 62, 63], [64, 65, 66, 67], [68, 69, 70, 71, 72], [73, 74, 75, 76, 77], [78, 79, 80, 81, 82], [83, 84, 85, 86], [87, 88, 89, 90, 91], [92, 93, 94, 95], [96, 97, 98, 99, 100], [101, 102, 103, 104], [105, 106, 107, 108, 109], [110, 111, 112, 113], [114, 115, 116], [117, 118, 119, 120, 121], [122, 123, 124], [125, 126, 127], [128, 129, 130, 131, 132], [133, 134, 135], [136, 137, 138, 139, 140], [141, 142, 143], [144, 145, 146, 147], [148, 149, 150, 151], [152, 153, 154, 155], [156, 157, 158], [159, 160, 161, 162], [163, 164, 165], [166, 167, 168, 169, 170], [171, 172, 173, 174, 175], [176, 177, 178, 179], [180, 181, 182, 183], [184, 185, 186, 187], [188, 189, 190, 191, 192], [193, 194, 195, 196, 197], [198, 199, 200]]",49,166,1.5387379570000002,15732,10.229179169,,83,7866
Block=2_Prob=1_n=10_nsets=200,"Vector{T} where T[[1, 2, 3, 4, 5], [6, 7, 8, 9, 10], [11, 12, 13], [14, 15, 16, 17, 18], [19, 20, 21, 22], [23, 24, 25], [26, 27, 28, 29], [30, 31, 32, 33, 34], [35, 36, 37, 38, 39], [40, 41, 42], [43, 44, 45, 46, 47], [48, 49, 50, 51, 52], [53, 54, 55, 56], [57, 58, 59, 60, 61], [62, 63, 64, 65], [66, 67, 68], [69, 70, 71, 72, 73], [74, 75, 76, 77], [78, 79, 80, 81], [82, 83, 84, 85], [86, 87, 88, 89, 90], [91, 92, 93], [94, 95, 96, 97, 98], [99, 100, 101, 102], [103, 104, 105, 106, 107], [108, 109, 110, 111, 112], [113, 114, 115, 116, 117], [118, 119, 120, 121, 122], [123, 124, 125, 126, 127], [128, 129, 130, 131, 132], [133, 134, 135, 136, 137], [138, 139, 140], [141, 142, 143], [144, 145, 146, 147], [148, 149, 150], [151, 152, 153, 154], [155, 156, 157], [158, 159, 160, 161, 162], [163, 164, 165, 166], [167, 168, 169, 170], [171, 172, 173], [174, 175, 176], [177, 178, 179, 180], [181, 182, 183, 184, 185], [186, 187, 188, 189, 190], [191, 192, 193], [194, 195, 196, 197], [198, 199, 200]]",48,208,1.7192773333333333,4272,10.037609704000001,,104,2136
Block=2_Prob=2_n=10_nsets=200,"Vector{T} where T[[1, 2, 3, 4, 5], [6, 7, 8, 9, 10], [11, 12, 13], [14, 15, 16, 17, 18], [19, 20, 21, 22], [23, 24, 25], [26, 27, 28, 29], [30, 31, 32, 33, 34], [35, 36, 37, 38, 39], [40, 41, 42], [43, 44, 45, 46, 47], [48, 49, 50, 51, 52], [53, 54, 55, 56], [57, 58, 59, 60, 61], [62, 63, 64, 65], [66, 67, 68], [69, 70, 71, 72, 73], [74, 75, 76, 77], [78, 79, 80, 81], [82, 83, 84, 85], [86, 87, 88, 89, 90], [91, 92, 93], [94, 95, 96, 97, 98], [99, 100, 101, 102], [103, 104, 105, 106, 107], [108, 109, 110, 111, 112], [113, 114, 115, 116, 117], [118, 119, 120, 121, 122], [123, 124, 125, 126, 127], [128, 129, 130, 131, 132], [133, 134, 135, 136, 137], [138, 139, 140], [141, 142, 143], [144, 145, 146, 147], [148, 149, 150], [151, 152, 153, 154], [155, 156, 157], [158, 159, 160, 161, 162], [163, 164, 165, 166], [167, 168, 169, 170], [171, 172, 173], [174, 175, 176], [177, 178, 179, 180], [181, 182, 183, 184, 185], [186, 187, 188, 189, 190], [191, 192, 193], [194, 195, 196, 197], [198, 199, 200]]",48,142,1.3950587602500002,3098,15.752819720000002,,71,1549
Block=3_Prob=1_n=10_nsets=200,"Vector{T} where T[[1, 2, 3, 4, 5], [6, 7, 8, 9], [10, 11, 12], [13, 14, 15], [16, 17, 18, 19], [20, 21, 22, 23, 24], [25, 26, 27, 28], [29, 30, 31, 32], [33, 34, 35, 36], [37, 38, 39, 40, 41], [42, 43, 44, 45, 46], [47, 48, 49], [50, 51, 52, 53], [54, 55, 56], [57, 58, 59, 60], [61, 62, 63, 64], [65, 66, 67], [68, 69, 70, 71, 72], [73, 74, 75, 76], [77, 78, 79, 80, 81], [82, 83, 84], [85, 86, 87, 88, 89], [90, 91, 92, 93], [94, 95, 96, 97], [98, 99, 100], [101, 102, 103, 104, 105], [106, 107, 108], [109, 110, 111, 112, 113], [114, 115, 116], [117, 118, 119, 120], [121, 122, 123], [124, 125, 126, 127, 128], [129, 130, 131, 132, 133], [134, 135, 136, 137, 138], [139, 140, 141, 142, 143], [144, 145, 146, 147], [148, 149, 150, 151, 152], [153, 154, 155, 156], [157, 158, 159], [160, 161, 162, 163], [164, 165, 166, 167], [168, 169, 170, 171], [172, 173, 174], [175, 176, 177, 178, 179], [180, 181, 182, 183, 184], [185, 186, 187, 188, 189], [190, 191, 192, 193, 194], [195, 196, 197, 198], [199, 200]]",49,132,1.51757046925,10514,28.968078921,,66,5257
Block=3_Prob=2_n=10_nsets=200,"Vector{T} where T[[1, 2, 3, 4, 5], [6, 7, 8, 9], [10, 11, 12], [13, 14, 15], [16, 17, 18, 19], [20, 21, 22, 23, 24], [25, 26, 27, 28], [29, 30, 31, 32], [33, 34, 35, 36], [37, 38, 39, 40, 41], [42, 43, 44, 45, 46], [47, 48, 49], [50, 51, 52, 53], [54, 55, 56], [57, 58, 59, 60], [61, 62, 63, 64], [65, 66, 67], [68, 69, 70, 71, 72], [73, 74, 75, 76], [77, 78, 79, 80, 81], [82, 83, 84], [85, 86, 87, 88, 89], [90, 91, 92, 93], [94, 95, 96, 97], [98, 99, 100], [101, 102, 103, 104, 105], [106, 107, 108], [109, 110, 111, 112, 113], [114, 115, 116], [117, 118, 119, 120], [121, 122, 123], [124, 125, 126, 127, 128], [129, 130, 131, 132, 133], [134, 135, 136, 137, 138], [139, 140, 141, 142, 143], [144, 145, 146, 147], [148, 149, 150, 151, 152], [153, 154, 155, 156], [157, 158, 159], [160, 161, 162, 163], [164, 165, 166, 167], [168, 169, 170, 171], [172, 173, 174], [175, 176, 177, 178, 179], [180, 181, 182, 183, 184], [185, 186, 187, 188, 189], [190, 191, 192, 193, 194], [195, 196, 197, 198], [199, 200]]",49,572,1.9159311613333334,50000,44.3864566,,286,25000
Block=4_Prob=1_n=10_nsets=200,"Vector{T} where T[[1, 2, 3], [4, 5, 6], [7, 8, 9, 10, 11], [12, 13, 14], [15, 16, 17], [18, 19, 20, 21], [22, 23, 24, 25], [26, 27, 28, 29], [30, 31, 32, 33, 34], [35, 36, 37], [38, 39, 40], [41, 42, 43], [44, 45, 46, 47], [48, 49, 50], [51, 52, 53], [54, 55, 56, 57, 58], [59, 60, 61, 62, 63], [64, 65, 66, 67], [68, 69, 70, 71, 72], [73, 74, 75], [76, 77, 78, 79, 80], [81, 82, 83, 84], [85, 86, 87, 88], [89, 90, 91, 92], [93, 94, 95], [96, 97, 98], [99, 100, 101], [102, 103, 104, 105], [106, 107, 108, 109], [110, 111, 112, 113, 114], [115, 116, 117, 118, 119], [120, 121, 122, 123, 124], [125, 126, 127, 128, 129], [130, 131, 132], [133, 134, 135, 136], [137, 138, 139], [140, 141, 142, 143], [144, 145, 146, 147], [148, 149, 150, 151, 152], [153, 154, 155, 156, 157], [158, 159, 160, 161, 162], [163, 164, 165, 166, 167], [168, 169, 170], [171, 172, 173, 174], [175, 176, 177], [178, 179, 180], [181, 182, 183], [184, 185, 186, 187, 188], [189, 190, 191, 192], [193, 194, 195], [196, 197, 198], [199, 200]]",52,290,1.5027750035,3876,6.534667757,,145,1938
Block=4_Prob=2_n=10_nsets=200,"Vector{T} where T[[1, 2, 3], [4, 5, 6], [7, 8, 9, 10, 11], [12, 13, 14], [15, 16, 17], [18, 19, 20, 21], [22, 23, 24, 25], [26, 27, 28, 29], [30, 31, 32, 33, 34], [35, 36, 37], [38, 39, 40], [41, 42, 43], [44, 45, 46, 47], [48, 49, 50], [51, 52, 53], [54, 55, 56, 57, 58], [59, 60, 61, 62, 63], [64, 65, 66, 67], [68, 69, 70, 71, 72], [73, 74, 75], [76, 77, 78, 79, 80], [81, 82, 83, 84], [85, 86, 87, 88], [89, 90, 91, 92], [93, 94, 95], [96, 97, 98], [99, 100, 101], [102, 103, 104, 105], [106, 107, 108, 109], [110, 111, 112, 113, 114], [115, 116, 117, 118, 119], [120, 121, 122, 123, 124], [125, 126, 127, 128, 129], [130, 131, 132], [133, 134, 135, 136], [137, 138, 139], [140, 141, 142, 143], [144, 145, 146, 147], [148, 149, 150, 151, 152], [153, 154, 155, 156, 157], [158, 159, 160, 161, 162], [163, 164, 165, 166, 167], [168, 169, 170], [171, 172, 173, 174], [175, 176, 177], [178, 179, 180], [181, 182, 183], [184, 185, 186, 187, 188], [189, 190, 191, 192], [193, 194, 195], [196, 197, 198], [199, 200]]",52,74,1.310019392,2938,37.3177965125,,37,1469
Block=5_Prob=1_n=10_nsets=200,"Vector{T} where T[[1, 2, 3, 4, 5], [6, 7, 8, 9, 10], [11, 12, 13, 14, 15], [16, 17, 18, 19, 20], [21, 22, 23], [24, 25, 26, 27], [28, 29, 30, 31], [32, 33, 34, 35, 36], [37, 38, 39, 40], [41, 42, 43], [44, 45, 46, 47, 48], [49, 50, 51], [52, 53, 54], [55, 56, 57, 58, 59], [60, 61, 62], [63, 64, 65, 66, 67], [68, 69, 70, 71], [72, 73, 74, 75, 76], [77, 78, 79, 80, 81], [82, 83, 84], [85, 86, 87, 88], [89, 90, 91, 92], [93, 94, 95], [96, 97, 98], [99, 100, 101], [102, 103, 104], [105, 106, 107, 108], [109, 110, 111], [112, 113, 114, 115, 116], [117, 118, 119, 120], [121, 122, 123], [124, 125, 126, 127, 128], [129, 130, 131, 132], [133, 134, 135], [136, 137, 138, 139], [140, 141, 142, 143], [144, 145, 146, 147], [148, 149, 150, 151, 152], [153, 154, 155, 156, 157], [158, 159, 160], [161, 162, 163, 164], [165, 166, 167], [168, 169, 170], [171, 172, 173, 174, 175], [176, 177, 178, 179], [180, 181, 182, 183, 184], [185, 186, 187, 188, 189], [190, 191, 192, 193], [194, 195, 196, 197, 198], [199, 200]]",50,228,1.7110489530000002,4750,7.143032374000001,,114,2375
Block=5_Prob=2_n=10_nsets=200,"Vector{T} where T[[1, 2, 3, 4, 5], [6, 7, 8, 9, 10], [11, 12, 13, 14, 15], [16, 17, 18, 19, 20], [21, 22, 23], [24, 25, 26, 27], [28, 29, 30, 31], [32, 33, 34, 35, 36], [37, 38, 39, 40], [41, 42, 43], [44, 45, 46, 47, 48], [49, 50, 51], [52, 53, 54], [55, 56, 57, 58, 59], [60, 61, 62], [63, 64, 65, 66, 67], [68, 69, 70, 71], [72, 73, 74, 75, 76], [77, 78, 79, 80, 81], [82, 83, 84], [85, 86, 87, 88], [89, 90, 91, 92], [93, 94, 95], [96, 97, 98], [99, 100, 101], [102, 103, 104], [105, 106, 107, 108], [109, 110, 111], [112, 113, 114, 115, 116], [117, 118, 119, 120], [121, 122, 123], [124, 125, 126, 127, 128], [129, 130, 131, 132], [133, 134, 135], [136, 137, 138, 139], [140, 141, 142, 143], [144, 145, 146, 147], [148, 149, 150, 151, 152], [153, 154, 155, 156, 157], [158, 159, 160], [161, 162, 163, 164], [165, 166, 167], [168, 169, 170], [171, 172, 173, 174, 175], [176, 177, 178, 179], [180, 181, 182, 183, 184], [185, 186, 187, 188, 189], [190, 191, 192, 193], [194, 195, 196, 197, 198], [199, 200]]",50,320,1.925939914666667,17526,14.352463774,,160,8763
Block=1_Prob=1_n=10_nsets=400,"Vector{T} where T[[1, 2, 3, 4], [5, 6, 7, 8, 9], [10, 11, 12], [13, 14, 15], [16, 17, 18], [19, 20, 21, 22, 23], [24, 25, 26, 27, 28], [29, 30, 31], [32, 33, 34, 35, 36], [37, 38, 39], [40, 41, 42, 43], [44, 45, 46, 47, 48], [49, 50, 51], [52, 53, 54, 55], [56, 57, 58], [59, 60, 61, 62, 63], [64, 65, 66, 67], [68, 69, 70, 71, 72], [73, 74, 75, 76, 77], [78, 79, 80, 81, 82], [83, 84, 85, 86], [87, 88, 89, 90, 91], [92, 93, 94, 95], [96, 97, 98, 99, 100], [101, 102, 103, 104], [105, 106, 107, 108, 109], [110, 111, 112, 113], [114, 115, 116], [117, 118, 119, 120, 121], [122, 123, 124], [125, 126, 127], [128, 129, 130, 131, 132], [133, 134, 135], [136, 137, 138, 139, 140], [141, 142, 143], [144, 145, 146, 147], [148, 149, 150, 151], [152, 153, 154, 155], [156, 157, 158], [159, 160, 161, 162], [163, 164, 165], [166, 167, 168, 169, 170], [171, 172, 173, 174, 175], [176, 177, 178, 179], [180, 181, 182, 183], [184, 185, 186, 187], [188, 189, 190, 191, 192], [193, 194, 195, 196, 197], [198, 199, 200], [201, 202, 203, 204, 205], [206, 207, 208, 209, 210], [211, 212, 213], [214, 215, 216, 217, 218], [219, 220, 221, 222], [223, 224, 225], [226, 227, 228, 229], [230, 231, 232, 233, 234], [235, 236, 237, 238, 239], [240, 241, 242], [243, 244, 245, 246, 247], [248, 249, 250, 251, 252], [253, 254, 255, 256], [257, 258, 259, 260, 261], [262, 263, 264, 265], [266, 267, 268], [269, 270, 271, 272, 273], [274, 275, 276, 277], [278, 279, 280, 281], [282, 283, 284, 285], [286, 287, 288, 289, 290], [291, 292, 293], [294, 295, 296, 297, 298], [299, 300, 301, 302], [303, 304, 305, 306, 307], [308, 309, 310, 311, 312], [313, 314, 315, 316, 317], [318, 319, 320, 321, 322], [323, 324, 325, 326, 327], [328, 329, 330, 331, 332], [333, 334, 335, 336, 337], [338, 339, 340], [341, 342, 343], [344, 345, 346, 347], [348, 349, 350], [351, 352, 353, 354], [355, 356, 357], [358, 359, 360, 361, 362], [363, 364, 365, 366], [367, 368, 369, 370], [371, 372, 373], [374, 375, 376], [377, 378, 379, 380], [381, 382, 383, 384, 385], [386, 387, 388, 389, 390], [391, 392, 393], [394, 395, 396, 397], [398, 399, 400]]",97,272,3.187796554,26740,17.745574147000003,,136,13370
Block=1_Prob=2_n=10_nsets=400,"Vector{T} where T[[1, 2, 3, 4], [5, 6, 7, 8, 9], [10, 11, 12], [13, 14, 15], [16, 17, 18], [19, 20, 21, 22, 23], [24, 25, 26, 27, 28], [29, 30, 31], [32, 33, 34, 35, 36], [37, 38, 39], [40, 41, 42, 43], [44, 45, 46, 47, 48], [49, 50, 51], [52, 53, 54, 55], [56, 57, 58], [59, 60, 61, 62, 63], [64, 65, 66, 67], [68, 69, 70, 71, 72], [73, 74, 75, 76, 77], [78, 79, 80, 81, 82], [83, 84, 85, 86], [87, 88, 89, 90, 91], [92, 93, 94, 95], [96, 97, 98, 99, 100], [101, 102, 103, 104], [105, 106, 107, 108, 109], [110, 111, 112, 113], [114, 115, 116], [117, 118, 119, 120, 121], [122, 123, 124], [125, 126, 127], [128, 129, 130, 131, 132], [133, 134, 135], [136, 137, 138, 139, 140], [141, 142, 143], [144, 145, 146, 147], [148, 149, 150, 151], [152, 153, 154, 155], [156, 157, 158], [159, 160, 161, 162], [163, 164, 165], [166, 167, 168, 169, 170], [171, 172, 173, 174, 175], [176, 177, 178, 179], [180, 181, 182, 183], [184, 185, 186, 187], [188, 189, 190, 191, 192], [193, 194, 195, 196, 197], [198, 199, 200], [201, 202, 203, 204, 205], [206, 207, 208, 209, 210], [211, 212, 213], [214, 215, 216, 217, 218], [219, 220, 221, 222], [223, 224, 225], [226, 227, 228, 229], [230, 231, 232, 233, 234], [235, 236, 237, 238, 239], [240, 241, 242], [243, 244, 245, 246, 247], [248, 249, 250, 251, 252], [253, 254, 255, 256], [257, 258, 259, 260, 261], [262, 263, 264, 265], [266, 267, 268], [269, 270, 271, 272, 273], [274, 275, 276, 277], [278, 279, 280, 281], [282, 283, 284, 285], [286, 287, 288, 289, 290], [291, 292, 293], [294, 295, 296, 297, 298], [299, 300, 301, 302], [303, 304, 305, 306, 307], [308, 309, 310, 311, 312], [313, 314, 315, 316, 317], [318, 319, 320, 321, 322], [323, 324, 325, 326, 327], [328, 329, 330, 331, 332], [333, 334, 335, 336, 337], [338, 339, 340], [341, 342, 343], [344, 345, 346, 347], [348, 349, 350], [351, 352, 353, 354], [355, 356, 357], [358, 359, 360, 361, 362], [363, 364, 365, 366], [367, 368, 369, 370], [371, 372, 373], [374, 375, 376], [377, 378, 379, 380], [381, 382, 383, 384, 385], [386, 387, 388, 389, 390], [391, 392, 393], [394, 395, 396, 397], [398, 399, 400]]",97,312,2.9731114025000003,8798,29.928313724000002,,156,4399
Block=2_Prob=1_n=10_nsets=400,"Vector{T} where T[[1, 2, 3, 4, 5], [6, 7, 8, 9], [10, 11, 12], [13, 14, 15], [16, 17, 18, 19], [20, 21, 22, 23, 24], [25, 26, 27, 28], [29, 30, 31, 32], [33, 34, 35, 36], [37, 38, 39, 40, 41], [42, 43, 44, 45, 46], [47, 48, 49], [50, 51, 52, 53], [54, 55, 56], [57, 58, 59, 60], [61, 62, 63, 64], [65, 66, 67], [68, 69, 70, 71, 72], [73, 74, 75, 76], [77, 78, 79, 80, 81], [82, 83, 84], [85, 86, 87, 88, 89], [90, 91, 92, 93], [94, 95, 96, 97], [98, 99, 100], [101, 102, 103, 104, 105], [106, 107, 108], [109, 110, 111, 112, 113], [114, 115, 116], [117, 118, 119, 120], [121, 122, 123], [124, 125, 126, 127, 128], [129, 130, 131, 132, 133], [134, 135, 136, 137, 138], [139, 140, 141, 142, 143], [144, 145, 146, 147], [148, 149, 150, 151, 152], [153, 154, 155, 156], [157, 158, 159], [160, 161, 162, 163], [164, 165, 166, 167], [168, 169, 170, 171], [172, 173, 174], [175, 176, 177, 178, 179], [180, 181, 182, 183, 184], [185, 186, 187, 188, 189], [190, 191, 192, 193, 194], [195, 196, 197, 198], [199, 200, 201, 202], [203, 204, 205], [206, 207, 208], [209, 210, 211, 212, 213], [214, 215, 216], [217, 218, 219], [220, 221, 222, 223], [224, 225, 226, 227], [228, 229, 230, 231], [232, 233, 234, 235, 236], [237, 238, 239], [240, 241, 242], [243, 244, 245], [246, 247, 248, 249], [250, 251, 252], [253, 254, 255], [256, 257, 258, 259, 260], [261, 262, 263, 264, 265], [266, 267, 268, 269], [270, 271, 272, 273, 274], [275, 276, 277], [278, 279, 280, 281, 282], [283, 284, 285, 286], [287, 288, 289, 290], [291, 292, 293, 294], [295, 296, 297], [298, 299, 300], [301, 302, 303], [304, 305, 306, 307], [308, 309, 310, 311], [312, 313, 314, 315, 316], [317, 318, 319, 320, 321], [322, 323, 324, 325, 326], [327, 328, 329, 330, 331], [332, 333, 334], [335, 336, 337, 338], [339, 340, 341], [342, 343, 344, 345], [346, 347, 348, 349], [350, 351, 352, 353, 354], [355, 356, 357, 358, 359], [360, 361, 362, 363, 364], [365, 366, 367, 368, 369], [370, 371, 372], [373, 374, 375, 376], [377, 378, 379], [380, 381, 382], [383, 384, 385], [386, 387, 388, 389, 390], [391, 392, 393, 394], [395, 396, 397], [398, 399, 400]]",100,186,3.3268504945000004,12606,17.677089931,,93,6303
Block=2_Prob=2_n=10_nsets=400,"Vector{T} where T[[1, 2, 3, 4, 5], [6, 7, 8, 9], [10, 11, 12], [13, 14, 15], [16, 17, 18, 19], [20, 21, 22, 23, 24], [25, 26, 27, 28], [29, 30, 31, 32], [33, 34, 35, 36], [37, 38, 39, 40, 41], [42, 43, 44, 45, 46], [47, 48, 49], [50, 51, 52, 53], [54, 55, 56], [57, 58, 59, 60], [61, 62, 63, 64], [65, 66, 67], [68, 69, 70, 71, 72], [73, 74, 75, 76], [77, 78, 79, 80, 81], [82, 83, 84], [85, 86, 87, 88, 89], [90, 91, 92, 93], [94, 95, 96, 97], [98, 99, 100], [101, 102, 103, 104, 105], [106, 107, 108], [109, 110, 111, 112, 113], [114, 115, 116], [117, 118, 119, 120], [121, 122, 123], [124, 125, 126, 127, 128], [129, 130, 131, 132, 133], [134, 135, 136, 137, 138], [139, 140, 141, 142, 143], [144, 145, 146, 147], [148, 149, 150, 151, 152], [153, 154, 155, 156], [157, 158, 159], [160, 161, 162, 163], [164, 165, 166, 167], [168, 169, 170, 171], [172, 173, 174], [175, 176, 177, 178, 179], [180, 181, 182, 183, 184], [185, 186, 187, 188, 189], [190, 191, 192, 193, 194], [195, 196, 197, 198], [199, 200, 201, 202], [203, 204, 205], [206, 207, 208], [209, 210, 211, 212, 213], [214, 215, 216], [217, 218, 219], [220, 221, 222, 223], [224, 225, 226, 227], [228, 229, 230, 231], [232, 233, 234, 235, 236], [237, 238, 239], [240, 241, 242], [243, 244, 245], [246, 247, 248, 249], [250, 251, 252], [253, 254, 255], [256, 257, 258, 259, 260], [261, 262, 263, 264, 265], [266, 267, 268, 269], [270, 271, 272, 273, 274], [275, 276, 277], [278, 279, 280, 281, 282], [283, 284, 285, 286], [287, 288, 289, 290], [291, 292, 293, 294], [295, 296, 297], [298, 299, 300], [301, 302, 303], [304, 305, 306, 307], [308, 309, 310, 311], [312, 313, 314, 315, 316], [317, 318, 319, 320, 321], [322, 323, 324, 325, 326], [327, 328, 329, 330, 331], [332, 333, 334], [335, 336, 337, 338], [339, 340, 341], [342, 343, 344, 345], [346, 347, 348, 349], [350, 351, 352, 353, 354], [355, 356, 357, 358, 359], [360, 361, 362, 363, 364], [365, 366, 367, 368, 369], [370, 371, 372], [373, 374, 375, 376], [377, 378, 379], [380, 381, 382], [383, 384, 385], [386, 387, 388, 389, 390], [391, 392, 393, 394], [395, 396, 397], [398, 399, 400]]",100,560,2.9742062565,10154,21.745696566000003,,280,5077
Block=3_Prob=1_n=10_nsets=400,"Vector{T} where T[[1, 2, 3], [4, 5, 6, 7, 8], [9, 10, 11, 12, 13], [14, 15, 16, 17, 18], [19, 20, 21, 22, 23], [24, 25, 26], [27, 28, 29, 30], [31, 32, 33, 34], [35, 36, 37, 38, 39], [40, 41, 42, 43], [44, 45, 46], [47, 48, 49, 50, 51], [52, 53, 54], [55, 56, 57], [58, 59, 60, 61, 62], [63, 64, 65], [66, 67, 68, 69, 70], [71, 72, 73, 74], [75, 76, 77, 78, 79], [80, 81, 82, 83, 84], [85, 86, 87], [88, 89, 90, 91], [92, 93, 94, 95], [96, 97, 98], [99, 100, 101], [102, 103, 104], [105, 106, 107], [108, 109, 110, 111], [112, 113, 114], [115, 116, 117, 118, 119], [120, 121, 122, 123], [124, 125, 126], [127, 128, 129, 130, 131], [132, 133, 134, 135], [136, 137, 138], [139, 140, 141, 142], [143, 144, 145, 146], [147, 148, 149, 150], [151, 152, 153, 154, 155], [156, 157, 158, 159, 160], [161, 162, 163], [164, 165, 166, 167], [168, 169, 170], [171, 172, 173], [174, 175, 176, 177, 178], [179, 180, 181, 182], [183, 184, 185, 186, 187], [188, 189, 190, 191, 192], [193, 194, 195, 196], [197, 198, 199, 200, 201], [202, 203, 204, 205, 206], [207, 208, 209, 210], [211, 212, 213, 214], [215, 216, 217], [218, 219, 220, 221], [222, 223, 224, 225], [226, 227, 228, 229, 230], [231, 232, 233, 234, 235], [236, 237, 238], [239, 240, 241, 242], [243, 244, 245, 246], [247, 248, 249, 250], [251, 252, 253], [254, 255, 256, 257, 258], [259, 260, 261, 262, 263], [264, 265, 266], [267, 268, 269, 270], [271, 272, 273], [274, 275, 276], [277, 278, 279, 280, 281], [282, 283, 284, 285, 286], [287, 288, 289, 290, 291], [292, 293, 294], [295, 296, 297, 298, 299], [300, 301, 302, 303, 304], [305, 306, 307, 308, 309], [310, 311, 312, 313], [314, 315, 316, 317], [318, 319, 320], [321, 322, 323, 324, 325], [326, 327, 328], [329, 330, 331, 332, 333], [334, 335, 336, 337], [338, 339, 340, 341], [342, 343, 344, 345], [346, 347, 348], [349, 350, 351, 352], [353, 354, 355, 356], [357, 358, 359, 360], [361, 362, 363, 364, 365], [366, 367, 368], [369, 370, 371], [372, 373, 374], [375, 376, 377], [378, 379, 380], [381, 382, 383, 384], [385, 386, 387, 388, 389], [390, 391, 392], [393, 394, 395, 396], [397, 398, 399, 400]]",100,268,2.4265410223333337,5284,12.91290363,,134,2642
Block=3_Prob=2_n=10_nsets=400,"Vector{T} where T[[1, 2, 3], [4, 5, 6, 7, 8], [9, 10, 11, 12, 13], [14, 15, 16, 17, 18], [19, 20, 21, 22, 23], [24, 25, 26], [27, 28, 29, 30], [31, 32, 33, 34], [35, 36, 37, 38, 39], [40, 41, 42, 43], [44, 45, 46], [47, 48, 49, 50, 51], [52, 53, 54], [55, 56, 57], [58, 59, 60, 61, 62], [63, 64, 65], [66, 67, 68, 69, 70], [71, 72, 73, 74], [75, 76, 77, 78, 79], [80, 81, 82, 83, 84], [85, 86, 87], [88, 89, 90, 91], [92, 93, 94, 95], [96, 97, 98], [99, 100, 101], [102, 103, 104], [105, 106, 107], [108, 109, 110, 111], [112, 113, 114], [115, 116, 117, 118, 119], [120, 121, 122, 123], [124, 125, 126], [127, 128, 129, 130, 131], [132, 133, 134, 135], [136, 137, 138], [139, 140, 141, 142], [143, 144, 145, 146], [147, 148, 149, 150], [151, 152, 153, 154, 155], [156, 157, 158, 159, 160], [161, 162, 163], [164, 165, 166, 167], [168, 169, 170], [171, 172, 173], [174, 175, 176, 177, 178], [179, 180, 181, 182], [183, 184, 185, 186, 187], [188, 189, 190, 191, 192], [193, 194, 195, 196], [197, 198, 199, 200, 201], [202, 203, 204, 205, 206], [207, 208, 209, 210], [211, 212, 213, 214], [215, 216, 217], [218, 219, 220, 221], [222, 223, 224, 225], [226, 227, 228, 229, 230], [231, 232, 233, 234, 235], [236, 237, 238], [239, 240, 241, 242], [243, 244, 245, 246], [247, 248, 249, 250], [251, 252, 253], [254, 255, 256, 257, 258], [259, 260, 261, 262, 263], [264, 265, 266], [267, 268, 269, 270], [271, 272, 273], [274, 275, 276], [277, 278, 279, 280, 281], [282, 283, 284, 285, 286], [287, 288, 289, 290, 291], [292, 293, 294], [295, 296, 297, 298, 299], [300, 301, 302, 303, 304], [305, 306, 307, 308, 309], [310, 311, 312, 313], [314, 315, 316, 317], [318, 319, 320], [321, 322, 323, 324, 325], [326, 327, 328], [329, 330, 331, 332, 333], [334, 335, 336, 337], [338, 339, 340, 341], [342, 343, 344, 345], [346, 347, 348], [349, 350, 351, 352], [353, 354, 355, 356], [357, 358, 359, 360], [361, 362, 363, 364, 365], [366, 367, 368], [369, 370, 371], [372, 373, 374], [375, 376, 377], [378, 379, 380], [381, 382, 383, 384], [385, 386, 387, 388, 389], [390, 391, 392], [393, 394, 395, 396], [397, 398, 399, 400]]",100,372,3.0780753990000003,11290,33.735025567,,186,5645
Block=4_Prob=1_n=10_nsets=400,"Vector{T} where T[[1, 2, 3, 4], [5, 6, 7, 8], [9, 10, 11], [12, 13, 14], [15, 16, 17, 18], [19, 20, 21, 22, 23], [24, 25, 26, 27], [28, 29, 30, 31], [32, 33, 34, 35], [36, 37, 38, 39], [40, 41, 42, 43, 44], [45, 46, 47, 48, 49], [50, 51, 52, 53], [54, 55, 56, 57, 58], [59, 60, 61, 62, 63], [64, 65, 66, 67, 68], [69, 70, 71], [72, 73, 74, 75, 76], [77, 78, 79, 80, 81], [82, 83, 84], [85, 86, 87], [88, 89, 90], [91, 92, 93, 94, 95], [96, 97, 98, 99, 100], [101, 102, 103], [104, 105, 106, 107], [108, 109, 110, 111], [112, 113, 114, 115], [116, 117, 118, 119], [120, 121, 122, 123, 124], [125, 126, 127, 128], [129, 130, 131], [132, 133, 134, 135, 136], [137, 138, 139], [140, 141, 142, 143], [144, 145, 146], [147, 148, 149, 150, 151], [152, 153, 154, 155], [156, 157, 158], [159, 160, 161, 162], [163, 164, 165, 166], [167, 168, 169], [170, 171, 172, 173], [174, 175, 176, 177, 178], [179, 180, 181], [182, 183, 184], [185, 186, 187, 188, 189], [190, 191, 192, 193, 194], [195, 196, 197], [198, 199, 200], [201, 202, 203], [204, 205, 206], [207, 208, 209, 210], [211, 212, 213], [214, 215, 216], [217, 218, 219, 220, 221], [222, 223, 224], [225, 226, 227, 228], [229, 230, 231, 232, 233], [234, 235, 236, 237], [238, 239, 240, 241], [242, 243, 244, 245], [246, 247, 248], [249, 250, 251, 252], [253, 254, 255, 256], [257, 258, 259, 260], [261, 262, 263, 264], [265, 266, 267], [268, 269, 270, 271, 272], [273, 274, 275, 276], [277, 278, 279, 280, 281], [282, 283, 284, 285], [286, 287, 288, 289], [290, 291, 292, 293, 294], [295, 296, 297], [298, 299, 300, 301], [302, 303, 304, 305], [306, 307, 308, 309, 310], [311, 312, 313, 314], [315, 316, 317], [318, 319, 320], [321, 322, 323, 324, 325], [326, 327, 328, 329, 330], [331, 332, 333, 334], [335, 336, 337], [338, 339, 340, 341, 342], [343, 344, 345], [346, 347, 348, 349], [350, 351, 352], [353, 354, 355, 356], [357, 358, 359, 360], [361, 362, 363], [364, 365, 366, 367, 368], [369, 370, 371, 372, 373], [374, 375, 376, 377, 378], [379, 380, 381], [382, 383, 384, 385, 386], [387, 388, 389, 390], [391, 392, 393, 394, 395], [396, 397, 398, 399, 400]]",100,172,2.7157886465,10540,13.16674757,,86,5270
Block=4_Prob=2_n=10_nsets=400,"Vector{T} where T[[1, 2, 3, 4], [5, 6, 7, 8], [9, 10, 11], [12, 13, 14], [15, 16, 17, 18], [19, 20, 21, 22, 23], [24, 25, 26, 27], [28, 29, 30, 31], [32, 33, 34, 35], [36, 37, 38, 39], [40, 41, 42, 43, 44], [45, 46, 47, 48, 49], [50, 51, 52, 53], [54, 55, 56, 57, 58], [59, 60, 61, 62, 63], [64, 65, 66, 67, 68], [69, 70, 71], [72, 73, 74, 75, 76], [77, 78, 79, 80, 81], [82, 83, 84], [85, 86, 87], [88, 89, 90], [91, 92, 93, 94, 95], [96, 97, 98, 99, 100], [101, 102, 103], [104, 105, 106, 107], [108, 109, 110, 111], [112, 113, 114, 115], [116, 117, 118, 119], [120, 121, 122, 123, 124], [125, 126, 127, 128], [129, 130, 131], [132, 133, 134, 135, 136], [137, 138, 139], [140, 141, 142, 143], [144, 145, 146], [147, 148, 149, 150, 151], [152, 153, 154, 155], [156, 157, 158], [159, 160, 161, 162], [163, 164, 165, 166], [167, 168, 169], [170, 171, 172, 173], [174, 175, 176, 177, 178], [179, 180, 181], [182, 183, 184], [185, 186, 187, 188, 189], [190, 191, 192, 193, 194], [195, 196, 197], [198, 199, 200], [201, 202, 203], [204, 205, 206], [207, 208, 209, 210], [211, 212, 213], [214, 215, 216], [217, 218, 219, 220, 221], [222, 223, 224], [225, 226, 227, 228], [229, 230, 231, 232, 233], [234, 235, 236, 237], [238, 239, 240, 241], [242, 243, 244, 245], [246, 247, 248], [249, 250, 251, 252], [253, 254, 255, 256], [257, 258, 259, 260], [261, 262, 263, 264], [265, 266, 267], [268, 269, 270, 271, 272], [273, 274, 275, 276], [277, 278, 279, 280, 281], [282, 283, 284, 285], [286, 287, 288, 289], [290, 291, 292, 293, 294], [295, 296, 297], [298, 299, 300, 301], [302, 303, 304, 305], [306, 307, 308, 309, 310], [311, 312, 313, 314], [315, 316, 317], [318, 319, 320], [321, 322, 323, 324, 325], [326, 327, 328, 329, 330], [331, 332, 333, 334], [335, 336, 337], [338, 339, 340, 341, 342], [343, 344, 345], [346, 347, 348, 349], [350, 351, 352], [353, 354, 355, 356], [357, 358, 359, 360], [361, 362, 363], [364, 365, 366, 367, 368], [369, 370, 371, 372, 373], [374, 375, 376, 377, 378], [379, 380, 381], [382, 383, 384, 385, 386], [387, 388, 389, 390], [391, 392, 393, 394, 395], [396, 397, 398, 399, 400]]",100,382,3.0792405130000002,21876,15.441543030000002,,191,10938
Block=5_Prob=1_n=10_nsets=400,"Vector{T} where T[[1, 2, 3, 4], [5, 6, 7, 8, 9], [10, 11, 12, 13], [14, 15, 16, 17], [18, 19, 20, 21, 22], [23, 24, 25, 26, 27], [28, 29, 30, 31], [32, 33, 34], [35, 36, 37], [38, 39, 40, 41, 42], [43, 44, 45], [46, 47, 48, 49, 50], [51, 52, 53], [54, 55, 56, 57, 58], [59, 60, 61, 62], [63, 64, 65], [66, 67, 68], [69, 70, 71, 72, 73], [74, 75, 76, 77, 78], [79, 80, 81, 82, 83], [84, 85, 86, 87, 88], [89, 90, 91], [92, 93, 94], [95, 96, 97, 98, 99], [100, 101, 102, 103, 104], [105, 106, 107, 108], [109, 110, 111], [112, 113, 114, 115], [116, 117, 118, 119], [120, 121, 122], [123, 124, 125, 126, 127], [128, 129, 130], [131, 132, 133], [134, 135, 136, 137, 138], [139, 140, 141, 142], [143, 144, 145, 146, 147], [148, 149, 150, 151], [152, 153, 154], [155, 156, 157, 158, 159], [160, 161, 162, 163], [164, 165, 166, 167], [168, 169, 170, 171], [172, 173, 174], [175, 176, 177], [178, 179, 180, 181, 182], [183, 184, 185, 186, 187], [188, 189, 190, 191, 192], [193, 194, 195, 196], [197, 198, 199, 200, 201], [202, 203, 204, 205, 206], [207, 208, 209], [210, 211, 212], [213, 214, 215, 216, 217], [218, 219, 220, 221], [222, 223, 224, 225], [226, 227, 228, 229, 230], [231, 232, 233, 234], [235, 236, 237, 238], [239, 240, 241, 242, 243], [244, 245, 246], [247, 248, 249], [250, 251, 252, 253], [254, 255, 256], [257, 258, 259], [260, 261, 262, 263], [264, 265, 266], [267, 268, 269, 270], [271, 272, 273], [274, 275, 276, 277, 278], [279, 280, 281], [282, 283, 284], [285, 286, 287, 288], [289, 290, 291], [292, 293, 294, 295, 296], [297, 298, 299], [300, 301, 302, 303, 304], [305, 306, 307], [308, 309, 310, 311, 312], [313, 314, 315, 316], [317, 318, 319, 320], [321, 322, 323, 324], [325, 326, 327], [328, 329, 330], [331, 332, 333, 334], [335, 336, 337, 338, 339], [340, 341, 342], [343, 344, 345], [346, 347, 348, 349], [350, 351, 352, 353], [354, 355, 356, 357, 358], [359, 360, 361, 362, 363], [364, 365, 366], [367, 368, 369, 370, 371], [372, 373, 374], [375, 376, 377, 378], [379, 380, 381, 382], [383, 384, 385, 386, 387], [388, 389, 390], [391, 392, 393, 394, 395], [396, 397, 398, 399, 400]]",100,232,2.8847472830000003,7134,12.012527217,,116,3567
Block=5_Prob=2_n=10_nsets=400,"Vector{T} where T[[1, 2, 3, 4], [5, 6, 7, 8, 9], [10, 11, 12, 13], [14, 15, 16, 17], [18, 19, 20, 21, 22], [23, 24, 25, 26, 27], [28, 29, 30, 31], [32, 33, 34], [35, 36, 37], [38, 39, 40, 41, 42], [43, 44, 45], [46, 47, 48, 49, 50], [51, 52, 53], [54, 55, 56, 57, 58], [59, 60, 61, 62], [63, 64, 65], [66, 67, 68], [69, 70, 71, 72, 73], [74, 75, 76, 77, 78], [79, 80, 81, 82, 83], [84, 85, 86, 87, 88], [89, 90, 91], [92, 93, 94], [95, 96, 97, 98, 99], [100, 101, 102, 103, 104], [105, 106, 107, 108], [109, 110, 111], [112, 113, 114, 115], [116, 117, 118, 119], [120, 121, 122], [123, 124, 125, 126, 127], [128, 129, 130], [131, 132, 133], [134, 135, 136, 137, 138], [139, 140, 141, 142], [143, 144, 145, 146, 147], [148, 149, 150, 151], [152, 153, 154], [155, 156, 157, 158, 159], [160, 161, 162, 163], [164, 165, 166, 167], [168, 169, 170, 171], [172, 173, 174], [175, 176, 177], [178, 179, 180, 181, 182], [183, 184, 185, 186, 187], [188, 189, 190, 191, 192], [193, 194, 195, 196], [197, 198, 199, 200, 201], [202, 203, 204, 205, 206], [207, 208, 209], [210, 211, 212], [213, 214, 215, 216, 217], [218, 219, 220, 221], [222, 223, 224, 225], [226, 227, 228, 229, 230], [231, 232, 233, 234], [235, 236, 237, 238], [239, 240, 241, 242, 243], [244, 245, 246], [247, 248, 249], [250, 251, 252, 253], [254, 255, 256], [257, 258, 259], [260, 261, 262, 263], [264, 265, 266], [267, 268, 269, 270], [271, 272, 273], [274, 275, 276, 277, 278], [279, 280, 281], [282, 283, 284], [285, 286, 287, 288], [289, 290, 291], [292, 293, 294, 295, 296], [297, 298, 299], [300, 301, 302, 303, 304], [305, 306, 307], [308, 309, 310, 311, 312], [313, 314, 315, 316], [317, 318, 319, 320], [321, 322, 323, 324], [325, 326, 327], [328, 329, 330], [331, 332, 333, 334], [335, 336, 337, 338, 339], [340, 341, 342], [343, 344, 345], [346, 347, 348, 349], [350, 351, 352, 353], [354, 355, 356, 357, 358], [359, 360, 361, 362, 363], [364, 365, 366], [367, 368, 369, 370, 371], [372, 373, 374], [375, 376, 377, 378], [379, 380, 381, 382], [383, 384, 385, 386, 387], [388, 389, 390], [391, 392, 393, 394, 395], [396, 397, 398, 399, 400]]",100,234,3.028421857,10378,22.003843444,,117,5189
Block=1_Prob=1_n=10_nsets=800,"Vector{T} where T[[1, 2, 3, 4], [5, 6, 7, 8, 9], [10, 11, 12], [13, 14, 15], [16, 17, 18], [19, 20, 21, 22, 23], [24, 25, 26, 27, 28], [29, 30, 31], [32, 33, 34, 35, 36], [37, 38, 39], [40, 41, 42, 43], [44, 45, 46, 47, 48], [49, 50, 51], [52, 53, 54, 55], [56, 57, 58], [59, 60, 61, 62, 63], [64, 65, 66, 67], [68, 69, 70, 71, 72], [73, 74, 75, 76, 77], [78, 79, 80, 81, 82], [83, 84, 85, 86], [87, 88, 89, 90, 91], [92, 93, 94, 95], [96, 97, 98, 99, 100], [101, 102, 103, 104], [105, 106, 107, 108, 109], [110, 111, 112, 113], [114, 115, 116], [117, 118, 119, 120, 121], [122, 123, 124], [125, 126, 127], [128, 129, 130, 131, 132], [133, 134, 135], [136, 137, 138, 139, 140], [141, 142, 143], [144, 145, 146, 147], [148, 149, 150, 151], [152, 153, 154, 155], [156, 157, 158], [159, 160, 161, 162], [163, 164, 165], [166, 167, 168, 169, 170], [171, 172, 173, 174, 175], [176, 177, 178, 179], [180, 181, 182, 183], [184, 185, 186, 187], [188, 189, 190, 191, 192], [193, 194, 195, 196, 197], [198, 199, 200], [201, 202, 203, 204, 205], [206, 207, 208, 209, 210], [211, 212, 213], [214, 215, 216, 217, 218], [219, 220, 221, 222], [223, 224, 225], [226, 227, 228, 229], [230, 231, 232, 233, 234], [235, 236, 237, 238, 239], [240, 241, 242], [243, 244, 245, 246, 247], [248, 249, 250, 251, 252], [253, 254, 255, 256], [257, 258, 259, 260, 261], [262, 263, 264, 265], [266, 267, 268], [269, 270, 271, 272, 273], [274, 275, 276, 277], [278, 279, 280, 281], [282, 283, 284, 285], [286, 287, 288, 289, 290], [291, 292, 293], [294, 295, 296, 297, 298], [299, 300, 301, 302], [303, 304, 305, 306, 307], [308, 309, 310, 311, 312], [313, 314, 315, 316, 317], [318, 319, 320, 321, 322], [323, 324, 325, 326, 327], [328, 329, 330, 331, 332], [333, 334, 335, 336, 337], [338, 339, 340], [341, 342, 343], [344, 345, 346, 347], [348, 349, 350], [351, 352, 353, 354], [355, 356, 357], [358, 359, 360, 361, 362], [363, 364, 365, 366], [367, 368, 369, 370], [371, 372, 373], [374, 375, 376], [377, 378, 379, 380], [381, 382, 383, 384, 385], [386, 387, 388, 389, 390], [391, 392, 393], [394, 395, 396, 397], [398, 399, 400, 401], [402, 403, 404, 405, 406], [407, 408, 409, 410], [411, 412, 413], [414, 415, 416], [417, 418, 419, 420], [421, 422, 423, 424, 425], [426, 427, 428, 429], [430, 431, 432, 433], [434, 435, 436, 437], [438, 439, 440, 441, 442], [443, 444, 445, 446, 447], [448, 449, 450], [451, 452, 453, 454], [455, 456, 457], [458, 459, 460, 461], [462, 463, 464, 465], [466, 467, 468], [469, 470, 471, 472, 473], [474, 475, 476, 477], [478, 479, 480, 481, 482], [483, 484, 485], [486, 487, 488, 489, 490], [491, 492, 493, 494], [495, 496, 497, 498], [499, 500, 501], [502, 503, 504, 505, 506], [507, 508, 509], [510, 511, 512, 513, 514], [515, 516, 517], [518, 519, 520, 521], [522, 523, 524], [525, 526, 527, 528, 529], [530, 531, 532, 533, 534], [535, 536, 537, 538, 539], [540, 541, 542, 543, 544], [545, 546, 547, 548], [549, 550, 551, 552, 553], [554, 555, 556, 557], [558, 559, 560], [561, 562, 563, 564], [565, 566, 567, 568], [569, 570, 571, 572], [573, 574, 575], [576, 577, 578, 579, 580], [581, 582, 583, 584, 585], [586, 587, 588, 589, 590], [591, 592, 593, 594, 595], [596, 597, 598, 599], [600, 601, 602, 603], [604, 605, 606], [607, 608, 609], [610, 611, 612, 613, 614], [615, 616, 617], [618, 619, 620], [621, 622, 623, 624], [625, 626, 627, 628], [629, 630, 631, 632], [633, 634, 635, 636, 637], [638, 639, 640], [641, 642, 643], [644, 645, 646], [647, 648, 649, 650], [651, 652, 653], [654, 655, 656], [657, 658, 659, 660, 661], [662, 663, 664, 665, 666], [667, 668, 669, 670], [671, 672, 673, 674, 675], [676, 677, 678], [679, 680, 681, 682, 683], [684, 685, 686, 687], [688, 689, 690, 691], [692, 693, 694, 695], [696, 697, 698], [699, 700, 701], [702, 703, 704], [705, 706, 707, 708], [709, 710, 711, 712], [713, 714, 715, 716, 717], [718, 719, 720, 721, 722], [723, 724, 725, 726, 727], [728, 729, 730, 731, 732], [733, 734, 735], [736, 737, 738, 739], [740, 741, 742], [743, 744, 745, 746], [747, 748, 749, 750], [751, 752, 753, 754, 755], [756, 757, 758, 759, 760], [761, 762, 763, 764, 765], [766, 767, 768, 769, 770], [771, 772, 773], [774, 775, 776, 777], [778, 779, 780], [781, 782, 783], [784, 785, 786], [787, 788, 789, 790, 791], [792, 793, 794, 795], [796, 797, 798], [799, 800]]",197,292,6.6227336370000005,9878,62.58545207900001,,146,4939
Block=1_Prob=2_n=10_nsets=800,"Vector{T} where T[[1, 2, 3, 4], [5, 6, 7, 8, 9], [10, 11, 12], [13, 14, 15], [16, 17, 18], [19, 20, 21, 22, 23], [24, 25, 26, 27, 28], [29, 30, 31], [32, 33, 34, 35, 36], [37, 38, 39], [40, 41, 42, 43], [44, 45, 46, 47, 48], [49, 50, 51], [52, 53, 54, 55], [56, 57, 58], [59, 60, 61, 62, 63], [64, 65, 66, 67], [68, 69, 70, 71, 72], [73, 74, 75, 76, 77], [78, 79, 80, 81, 82], [83, 84, 85, 86], [87, 88, 89, 90, 91], [92, 93, 94, 95], [96, 97, 98, 99, 100], [101, 102, 103, 104], [105, 106, 107, 108, 109], [110, 111, 112, 113], [114, 115, 116], [117, 118, 119, 120, 121], [122, 123, 124], [125, 126, 127], [128, 129, 130, 131, 132], [133, 134, 135], [136, 137, 138, 139, 140], [141, 142, 143], [144, 145, 146, 147], [148, 149, 150, 151], [152, 153, 154, 155], [156, 157, 158], [159, 160, 161, 162], [163, 164, 165], [166, 167, 168, 169, 170], [171, 172, 173, 174, 175], [176, 177, 178, 179], [180, 181, 182, 183], [184, 185, 186, 187], [188, 189, 190, 191, 192], [193, 194, 195, 196, 197], [198, 199, 200], [201, 202, 203, 204, 205], [206, 207, 208, 209, 210], [211, 212, 213], [214, 215, 216, 217, 218], [219, 220, 221, 222], [223, 224, 225], [226, 227, 228, 229], [230, 231, 232, 233, 234], [235, 236, 237, 238, 239], [240, 241, 242], [243, 244, 245, 246, 247], [248, 249, 250, 251, 252], [253, 254, 255, 256], [257, 258, 259, 260, 261], [262, 263, 264, 265], [266, 267, 268], [269, 270, 271, 272, 273], [274, 275, 276, 277], [278, 279, 280, 281], [282, 283, 284, 285], [286, 287, 288, 289, 290], [291, 292, 293], [294, 295, 296, 297, 298], [299, 300, 301, 302], [303, 304, 305, 306, 307], [308, 309, 310, 311, 312], [313, 314, 315, 316, 317], [318, 319, 320, 321, 322], [323, 324, 325, 326, 327], [328, 329, 330, 331, 332], [333, 334, 335, 336, 337], [338, 339, 340], [341, 342, 343], [344, 345, 346, 347], [348, 349, 350], [351, 352, 353, 354], [355, 356, 357], [358, 359, 360, 361, 362], [363, 364, 365, 366], [367, 368, 369, 370], [371, 372, 373], [374, 375, 376], [377, 378, 379, 380], [381, 382, 383, 384, 385], [386, 387, 388, 389, 390], [391, 392, 393], [394, 395, 396, 397], [398, 399, 400, 401], [402, 403, 404, 405, 406], [407, 408, 409, 410], [411, 412, 413], [414, 415, 416], [417, 418, 419, 420], [421, 422, 423, 424, 425], [426, 427, 428, 429], [430, 431, 432, 433], [434, 435, 436, 437], [438, 439, 440, 441, 442], [443, 444, 445, 446, 447], [448, 449, 450], [451, 452, 453, 454], [455, 456, 457], [458, 459, 460, 461], [462, 463, 464, 465], [466, 467, 468], [469, 470, 471, 472, 473], [474, 475, 476, 477], [478, 479, 480, 481, 482], [483, 484, 485], [486, 487, 488, 489, 490], [491, 492, 493, 494], [495, 496, 497, 498], [499, 500, 501], [502, 503, 504, 505, 506], [507, 508, 509], [510, 511, 512, 513, 514], [515, 516, 517], [518, 519, 520, 521], [522, 523, 524], [525, 526, 527, 528, 529], [530, 531, 532, 533, 534], [535, 536, 537, 538, 539], [540, 541, 542, 543, 544], [545, 546, 547, 548], [549, 550, 551, 552, 553], [554, 555, 556, 557], [558, 559, 560], [561, 562, 563, 564], [565, 566, 567, 568], [569, 570, 571, 572], [573, 574, 575], [576, 577, 578, 579, 580], [581, 582, 583, 584, 585], [586, 587, 588, 589, 590], [591, 592, 593, 594, 595], [596, 597, 598, 599], [600, 601, 602, 603], [604, 605, 606], [607, 608, 609], [610, 611, 612, 613, 614], [615, 616, 617], [618, 619, 620], [621, 622, 623, 624], [625, 626, 627, 628], [629, 630, 631, 632], [633, 634, 635, 636, 637], [638, 639, 640], [641, 642, 643], [644, 645, 646], [647, 648, 649, 650], [651, 652, 653], [654, 655, 656], [657, 658, 659, 660, 661], [662, 663, 664, 665, 666], [667, 668, 669, 670], [671, 672, 673, 674, 675], [676, 677, 678], [679, 680, 681, 682, 683], [684, 685, 686, 687], [688, 689, 690, 691], [692, 693, 694, 695], [696, 697, 698], [699, 700, 701], [702, 703, 704], [705, 706, 707, 708], [709, 710, 711, 712], [713, 714, 715, 716, 717], [718, 719, 720, 721, 722], [723, 724, 725, 726, 727], [728, 729, 730, 731, 732], [733, 734, 735], [736, 737, 738, 739], [740, 741, 742], [743, 744, 745, 746], [747, 748, 749, 750], [751, 752, 753, 754, 755], [756, 757, 758, 759, 760], [761, 762, 763, 764, 765], [766, 767, 768, 769, 770], [771, 772, 773], [774, 775, 776, 777], [778, 779, 780], [781, 782, 783], [784, 785, 786], [787, 788, 789, 790, 791], [792, 793, 794, 795], [796, 797, 798], [799, 800]]",197,490,6.814933537000001,10516,43.540833509,,245,5258
Block=2_Prob=1_n=10_nsets=800,"Vector{T} where T[[1, 2, 3], [4, 5, 6, 7, 8], [9, 10, 11, 12, 13], [14, 15, 16, 17, 18], [19, 20, 21, 22, 23], [24, 25, 26], [27, 28, 29, 30], [31, 32, 33, 34], [35, 36, 37, 38, 39], [40, 41, 42, 43], [44, 45, 46], [47, 48, 49, 50, 51], [52, 53, 54], [55, 56, 57], [58, 59, 60, 61, 62], [63, 64, 65], [66, 67, 68, 69, 70], [71, 72, 73, 74], [75, 76, 77, 78, 79], [80, 81, 82, 83, 84], [85, 86, 87], [88, 89, 90, 91], [92, 93, 94, 95], [96, 97, 98], [99, 100, 101], [102, 103, 104], [105, 106, 107], [108, 109, 110, 111], [112, 113, 114], [115, 116, 117, 118, 119], [120, 121, 122, 123], [124, 125, 126], [127, 128, 129, 130, 131], [132, 133, 134, 135], [136, 137, 138], [139, 140, 141, 142], [143, 144, 145, 146], [147, 148, 149, 150], [151, 152, 153, 154, 155], [156, 157, 158, 159, 160], [161, 162, 163], [164, 165, 166, 167], [168, 169, 170], [171, 172, 173], [174, 175, 176, 177, 178], [179, 180, 181, 182], [183, 184, 185, 186, 187], [188, 189, 190, 191, 192], [193, 194, 195, 196], [197, 198, 199, 200, 201], [202, 203, 204, 205, 206], [207, 208, 209, 210], [211, 212, 213, 214], [215, 216, 217], [218, 219, 220, 221], [222, 223, 224, 225], [226, 227, 228, 229, 230], [231, 232, 233, 234, 235], [236, 237, 238], [239, 240, 241, 242], [243, 244, 245, 246], [247, 248, 249, 250], [251, 252, 253], [254, 255, 256, 257, 258], [259, 260, 261, 262, 263], [264, 265, 266], [267, 268, 269, 270], [271, 272, 273], [274, 275, 276], [277, 278, 279, 280, 281], [282, 283, 284, 285, 286], [287, 288, 289, 290, 291], [292, 293, 294], [295, 296, 297, 298, 299], [300, 301, 302, 303, 304], [305, 306, 307, 308, 309], [310, 311, 312, 313], [314, 315, 316, 317], [318, 319, 320], [321, 322, 323, 324, 325], [326, 327, 328], [329, 330, 331, 332, 333], [334, 335, 336, 337], [338, 339, 340, 341], [342, 343, 344, 345], [346, 347, 348], [349, 350, 351, 352], [353, 354, 355, 356], [357, 358, 359, 360], [361, 362, 363, 364, 365], [366, 367, 368], [369, 370, 371], [372, 373, 374], [375, 376, 377], [378, 379, 380], [381, 382, 383, 384], [385, 386, 387, 388, 389], [390, 391, 392], [393, 394, 395, 396], [397, 398, 399, 400], [401, 402, 403, 404], [405, 406, 407, 408], [409, 410, 411], [412, 413, 414], [415, 416, 417, 418], [419, 420, 421, 422, 423], [424, 425, 426, 427], [428, 429, 430, 431], [432, 433, 434, 435], [436, 437, 438, 439], [440, 441, 442, 443, 444], [445, 446, 447, 448, 449], [450, 451, 452, 453], [454, 455, 456, 457, 458], [459, 460, 461, 462, 463], [464, 465, 466, 467, 468], [469, 470, 471], [472, 473, 474, 475, 476], [477, 478, 479, 480, 481], [482, 483, 484], [485, 486, 487], [488, 489, 490], [491, 492, 493, 494, 495], [496, 497, 498, 499, 500], [501, 502, 503], [504, 505, 506, 507], [508, 509, 510, 511], [512, 513, 514, 515], [516, 517, 518, 519], [520, 521, 522, 523, 524], [525, 526, 527, 528], [529, 530, 531], [532, 533, 534, 535, 536], [537, 538, 539], [540, 541, 542, 543], [544, 545, 546], [547, 548, 549, 550, 551], [552, 553, 554, 555], [556, 557, 558], [559, 560, 561, 562], [563, 564, 565, 566], [567, 568, 569], [570, 571, 572, 573], [574, 575, 576, 577, 578], [579, 580, 581], [582, 583, 584], [585, 586, 587, 588, 589], [590, 591, 592, 593, 594], [595, 596, 597], [598, 599, 600], [601, 602, 603], [604, 605, 606], [607, 608, 609, 610], [611, 612, 613], [614, 615, 616], [617, 618, 619, 620, 621], [622, 623, 624], [625, 626, 627, 628], [629, 630, 631, 632, 633], [634, 635, 636, 637], [638, 639, 640, 641], [642, 643, 644, 645], [646, 647, 648], [649, 650, 651, 652], [653, 654, 655, 656], [657, 658, 659, 660], [661, 662, 663, 664], [665, 666, 667], [668, 669, 670, 671, 672], [673, 674, 675, 676], [677, 678, 679, 680, 681], [682, 683, 684, 685], [686, 687, 688, 689], [690, 691, 692, 693, 694], [695, 696, 697], [698, 699, 700, 701], [702, 703, 704, 705], [706, 707, 708, 709, 710], [711, 712, 713, 714], [715, 716, 717], [718, 719, 720], [721, 722, 723, 724, 725], [726, 727, 728, 729, 730], [731, 732, 733, 734], [735, 736, 737], [738, 739, 740, 741, 742], [743, 744, 745], [746, 747, 748, 749], [750, 751, 752], [753, 754, 755, 756], [757, 758, 759, 760], [761, 762, 763], [764, 765, 766, 767, 768], [769, 770, 771, 772, 773], [774, 775, 776, 777, 778], [779, 780, 781], [782, 783, 784, 785, 786], [787, 788, 789, 790], [791, 792, 793, 794, 795], [796, 797, 798, 799, 800]]",200,324,6.11701825,50000,66.988471992,,162,25000
Block=2_Prob=2_n=10_nsets=800,"Vector{T} where T[[1, 2, 3], [4, 5, 6, 7, 8], [9, 10, 11, 12, 13], [14, 15, 16, 17, 18], [19, 20, 21, 22, 23], [24, 25, 26], [27, 28, 29, 30], [31, 32, 33, 34], [35, 36, 37, 38, 39], [40, 41, 42, 43], [44, 45, 46], [47, 48, 49, 50, 51], [52, 53, 54], [55, 56, 57], [58, 59, 60, 61, 62], [63, 64, 65], [66, 67, 68, 69, 70], [71, 72, 73, 74], [75, 76, 77, 78, 79], [80, 81, 82, 83, 84], [85, 86, 87], [88, 89, 90, 91], [92, 93, 94, 95], [96, 97, 98], [99, 100, 101], [102, 103, 104], [105, 106, 107], [108, 109, 110, 111], [112, 113, 114], [115, 116, 117, 118, 119], [120, 121, 122, 123], [124, 125, 126], [127, 128, 129, 130, 131], [132, 133, 134, 135], [136, 137, 138], [139, 140, 141, 142], [143, 144, 145, 146], [147, 148, 149, 150], [151, 152, 153, 154, 155], [156, 157, 158, 159, 160], [161, 162, 163], [164, 165, 166, 167], [168, 169, 170], [171, 172, 173], [174, 175, 176, 177, 178], [179, 180, 181, 182], [183, 184, 185, 186, 187], [188, 189, 190, 191, 192], [193, 194, 195, 196], [197, 198, 199, 200, 201], [202, 203, 204, 205, 206], [207, 208, 209, 210], [211, 212, 213, 214], [215, 216, 217], [218, 219, 220, 221], [222, 223, 224, 225], [226, 227, 228, 229, 230], [231, 232, 233, 234, 235], [236, 237, 238], [239, 240, 241, 242], [243, 244, 245, 246], [247, 248, 249, 250], [251, 252, 253], [254, 255, 256, 257, 258], [259, 260, 261, 262, 263], [264, 265, 266], [267, 268, 269, 270], [271, 272, 273], [274, 275, 276], [277, 278, 279, 280, 281], [282, 283, 284, 285, 286], [287, 288, 289, 290, 291], [292, 293, 294], [295, 296, 297, 298, 299], [300, 301, 302, 303, 304], [305, 306, 307, 308, 309], [310, 311, 312, 313], [314, 315, 316, 317], [318, 319, 320], [321, 322, 323, 324, 325], [326, 327, 328], [329, 330, 331, 332, 333], [334, 335, 336, 337], [338, 339, 340, 341], [342, 343, 344, 345], [346, 347, 348], [349, 350, 351, 352], [353, 354, 355, 356], [357, 358, 359, 360], [361, 362, 363, 364, 365], [366, 367, 368], [369, 370, 371], [372, 373, 374], [375, 376, 377], [378, 379, 380], [381, 382, 383, 384], [385, 386, 387, 388, 389], [390, 391, 392], [393, 394, 395, 396], [397, 398, 399, 400], [401, 402, 403, 404], [405, 406, 407, 408], [409, 410, 411], [412, 413, 414], [415, 416, 417, 418], [419, 420, 421, 422, 423], [424, 425, 426, 427], [428, 429, 430, 431], [432, 433, 434, 435], [436, 437, 438, 439], [440, 441, 442, 443, 444], [445, 446, 447, 448, 449], [450, 451, 452, 453], [454, 455, 456, 457, 458], [459, 460, 461, 462, 463], [464, 465, 466, 467, 468], [469, 470, 471], [472, 473, 474, 475, 476], [477, 478, 479, 480, 481], [482, 483, 484], [485, 486, 487], [488, 489, 490], [491, 492, 493, 494, 495], [496, 497, 498, 499, 500], [501, 502, 503], [504, 505, 506, 507], [508, 509, 510, 511], [512, 513, 514, 515], [516, 517, 518, 519], [520, 521, 522, 523, 524], [525, 526, 527, 528], [529, 530, 531], [532, 533, 534, 535, 536], [537, 538, 539], [540, 541, 542, 543], [544, 545, 546], [547, 548, 549, 550, 551], [552, 553, 554, 555], [556, 557, 558], [559, 560, 561, 562], [563, 564, 565, 566], [567, 568, 569], [570, 571, 572, 573], [574, 575, 576, 577, 578], [579, 580, 581], [582, 583, 584], [585, 586, 587, 588, 589], [590, 591, 592, 593, 594], [595, 596, 597], [598, 599, 600], [601, 602, 603], [604, 605, 606], [607, 608, 609, 610], [611, 612, 613], [614, 615, 616], [617, 618, 619, 620, 621], [622, 623, 624], [625, 626, 627, 628], [629, 630, 631, 632, 633], [634, 635, 636, 637], [638, 639, 640, 641], [642, 643, 644, 645], [646, 647, 648], [649, 650, 651, 652], [653, 654, 655, 656], [657, 658, 659, 660], [661, 662, 663, 664], [665, 666, 667], [668, 669, 670, 671, 672], [673, 674, 675, 676], [677, 678, 679, 680, 681], [682, 683, 684, 685], [686, 687, 688, 689], [690, 691, 692, 693, 694], [695, 696, 697], [698, 699, 700, 701], [702, 703, 704, 705], [706, 707, 708, 709, 710], [711, 712, 713, 714], [715, 716, 717], [718, 719, 720], [721, 722, 723, 724, 725], [726, 727, 728, 729, 730], [731, 732, 733, 734], [735, 736, 737], [738, 739, 740, 741, 742], [743, 744, 745], [746, 747, 748, 749], [750, 751, 752], [753, 754, 755, 756], [757, 758, 759, 760], [761, 762, 763], [764, 765, 766, 767, 768], [769, 770, 771, 772, 773], [774, 775, 776, 777, 778], [779, 780, 781], [782, 783, 784, 785, 786], [787, 788, 789, 790], [791, 792, 793, 794, 795], [796, 797, 798, 799, 800]]",200,274,5.47504364,28758,44.257257228,,137,14379
Block=3_Prob=1_n=10_nsets=800,"Vector{T} where T[[1, 2, 3, 4], [5, 6, 7, 8, 9], [10, 11, 12, 13], [14, 15, 16, 17], [18, 19, 20, 21, 22], [23, 24, 25, 26, 27], [28, 29, 30, 31], [32, 33, 34], [35, 36, 37], [38, 39, 40, 41, 42], [43, 44, 45], [46, 47, 48, 49, 50], [51, 52, 53], [54, 55, 56, 57, 58], [59, 60, 61, 62], [63, 64, 65], [66, 67, 68], [69, 70, 71, 72, 73], [74, 75, 76, 77, 78], [79, 80, 81, 82, 83], [84, 85, 86, 87, 88], [89, 90, 91], [92, 93, 94], [95, 96, 97, 98, 99], [100, 101, 102, 103, 104], [105, 106, 107, 108], [109, 110, 111], [112, 113, 114, 115], [116, 117, 118, 119], [120, 121, 122], [123, 124, 125, 126, 127], [128, 129, 130], [131, 132, 133], [134, 135, 136, 137, 138], [139, 140, 141, 142], [143, 144, 145, 146, 147], [148, 149, 150, 151], [152, 153, 154], [155, 156, 157, 158, 159], [160, 161, 162, 163], [164, 165, 166, 167], [168, 169, 170, 171], [172, 173, 174], [175, 176, 177], [178, 179, 180, 181, 182], [183, 184, 185, 186, 187], [188, 189, 190, 191, 192], [193, 194, 195, 196], [197, 198, 199, 200, 201], [202, 203, 204, 205, 206], [207, 208, 209], [210, 211, 212], [213, 214, 215, 216, 217], [218, 219, 220, 221], [222, 223, 224, 225], [226, 227, 228, 229, 230], [231, 232, 233, 234], [235, 236, 237, 238], [239, 240, 241, 242, 243], [244, 245, 246], [247, 248, 249], [250, 251, 252, 253], [254, 255, 256], [257, 258, 259], [260, 261, 262, 263], [264, 265, 266], [267, 268, 269, 270], [271, 272, 273], [274, 275, 276, 277, 278], [279, 280, 281], [282, 283, 284], [285, 286, 287, 288], [289, 290, 291], [292, 293, 294, 295, 296], [297, 298, 299], [300, 301, 302, 303, 304], [305, 306, 307], [308, 309, 310, 311, 312], [313, 314, 315, 316], [317, 318, 319, 320], [321, 322, 323, 324], [325, 326, 327], [328, 329, 330], [331, 332, 333, 334], [335, 336, 337, 338, 339], [340, 341, 342], [343, 344, 345], [346, 347, 348, 349], [350, 351, 352, 353], [354, 355, 356, 357, 358], [359, 360, 361, 362, 363], [364, 365, 366], [367, 368, 369, 370, 371], [372, 373, 374], [375, 376, 377, 378], [379, 380, 381, 382], [383, 384, 385, 386, 387], [388, 389, 390], [391, 392, 393, 394, 395], [396, 397, 398, 399, 400], [401, 402, 403], [404, 405, 406, 407, 408], [409, 410, 411, 412], [413, 414, 415], [416, 417, 418, 419], [420, 421, 422], [423, 424, 425, 426, 427], [428, 429, 430], [431, 432, 433, 434], [435, 436, 437], [438, 439, 440, 441], [442, 443, 444], [445, 446, 447, 448], [449, 450, 451, 452], [453, 454, 455], [456, 457, 458, 459], [460, 461, 462, 463, 464], [465, 466, 467], [468, 469, 470, 471, 472], [473, 474, 475, 476], [477, 478, 479, 480, 481], [482, 483, 484, 485], [486, 487, 488, 489, 490], [491, 492, 493], [494, 495, 496, 497, 498], [499, 500, 501, 502, 503], [504, 505, 506], [507, 508, 509], [510, 511, 512, 513, 514], [515, 516, 517], [518, 519, 520], [521, 522, 523, 524], [525, 526, 527], [528, 529, 530, 531], [532, 533, 534, 535, 536], [537, 538, 539, 540], [541, 542, 543], [544, 545, 546, 547, 548], [549, 550, 551, 552, 553], [554, 555, 556, 557, 558], [559, 560, 561], [562, 563, 564, 565], [566, 567, 568, 569], [570, 571, 572, 573, 574], [575, 576, 577, 578], [579, 580, 581, 582, 583], [584, 585, 586], [587, 588, 589], [590, 591, 592], [593, 594, 595, 596], [597, 598, 599], [600, 601, 602, 603, 604], [605, 606, 607, 608], [609, 610, 611], [612, 613, 614, 615], [616, 617, 618, 619], [620, 621, 622, 623, 624], [625, 626, 627], [628, 629, 630], [631, 632, 633, 634], [635, 636, 637, 638], [639, 640, 641, 642], [643, 644, 645], [646, 647, 648, 649, 650], [651, 652, 653, 654, 655], [656, 657, 658, 659, 660], [661, 662, 663, 664], [665, 666, 667], [668, 669, 670, 671], [672, 673, 674, 675], [676, 677, 678, 679], [680, 681, 682, 683], [684, 685, 686, 687, 688], [689, 690, 691, 692], [693, 694, 695, 696], [697, 698, 699, 700, 701], [702, 703, 704, 705], [706, 707, 708, 709], [710, 711, 712], [713, 714, 715, 716], [717, 718, 719, 720], [721, 722, 723], [724, 725, 726, 727, 728], [729, 730, 731, 732, 733], [734, 735, 736, 737], [738, 739, 740], [741, 742, 743, 744, 745], [746, 747, 748, 749], [750, 751, 752, 753, 754], [755, 756, 757], [758, 759, 760, 761, 762], [763, 764, 765, 766], [767, 768, 769, 770, 771], [772, 773, 774], [775, 776, 777, 778, 779], [780, 781, 782, 783, 784], [785, 786, 787], [788, 789, 790, 791, 792], [793, 794, 795], [796, 797, 798, 799], [800]]",201,402,5.342301986000001,14754,81.01110542500001,,201,7377
Block=3_Prob=2_n=10_nsets=800,"Vector{T} where T[[1, 2, 3, 4], [5, 6, 7, 8, 9], [10, 11, 12, 13], [14, 15, 16, 17], [18, 19, 20, 21, 22], [23, 24, 25, 26, 27], [28, 29, 30, 31], [32, 33, 34], [35, 36, 37], [38, 39, 40, 41, 42], [43, 44, 45], [46, 47, 48, 49, 50], [51, 52, 53], [54, 55, 56, 57, 58], [59, 60, 61, 62], [63, 64, 65], [66, 67, 68], [69, 70, 71, 72, 73], [74, 75, 76, 77, 78], [79, 80, 81, 82, 83], [84, 85, 86, 87, 88], [89, 90, 91], [92, 93, 94], [95, 96, 97, 98, 99], [100, 101, 102, 103, 104], [105, 106, 107, 108], [109, 110, 111], [112, 113, 114, 115], [116, 117, 118, 119], [120, 121, 122], [123, 124, 125, 126, 127], [128, 129, 130], [131, 132, 133], [134, 135, 136, 137, 138], [139, 140, 141, 142], [143, 144, 145, 146, 147], [148, 149, 150, 151], [152, 153, 154], [155, 156, 157, 158, 159], [160, 161, 162, 163], [164, 165, 166, 167], [168, 169, 170, 171], [172, 173, 174], [175, 176, 177], [178, 179, 180, 181, 182], [183, 184, 185, 186, 187], [188, 189, 190, 191, 192], [193, 194, 195, 196], [197, 198, 199, 200, 201], [202, 203, 204, 205, 206], [207, 208, 209], [210, 211, 212], [213, 214, 215, 216, 217], [218, 219, 220, 221], [222, 223, 224, 225], [226, 227, 228, 229, 230], [231, 232, 233, 234], [235, 236, 237, 238], [239, 240, 241, 242, 243], [244, 245, 246], [247, 248, 249], [250, 251, 252, 253], [254, 255, 256], [257, 258, 259], [260, 261, 262, 263], [264, 265, 266], [267, 268, 269, 270], [271, 272, 273], [274, 275, 276, 277, 278], [279, 280, 281], [282, 283, 284], [285, 286, 287, 288], [289, 290, 291], [292, 293, 294, 295, 296], [297, 298, 299], [300, 301, 302, 303, 304], [305, 306, 307], [308, 309, 310, 311, 312], [313, 314, 315, 316], [317, 318, 319, 320], [321, 322, 323, 324], [325, 326, 327], [328, 329, 330], [331, 332, 333, 334], [335, 336, 337, 338, 339], [340, 341, 342], [343, 344, 345], [346, 347, 348, 349], [350, 351, 352, 353], [354, 355, 356, 357, 358], [359, 360, 361, 362, 363], [364, 365, 366], [367, 368, 369, 370, 371], [372, 373, 374], [375, 376, 377, 378], [379, 380, 381, 382], [383, 384, 385, 386, 387], [388, 389, 390], [391, 392, 393, 394, 395], [396, 397, 398, 399, 400], [401, 402, 403], [404, 405, 406, 407, 408], [409, 410, 411, 412], [413, 414, 415], [416, 417, 418, 419], [420, 421, 422], [423, 424, 425, 426, 427], [428, 429, 430], [431, 432, 433, 434], [435, 436, 437], [438, 439, 440, 441], [442, 443, 444], [445, 446, 447, 448], [449, 450, 451, 452], [453, 454, 455], [456, 457, 458, 459], [460, 461, 462, 463, 464], [465, 466, 467], [468, 469, 470, 471, 472], [473, 474, 475, 476], [477, 478, 479, 480, 481], [482, 483, 484, 485], [486, 487, 488, 489, 490], [491, 492, 493], [494, 495, 496, 497, 498], [499, 500, 501, 502, 503], [504, 505, 506], [507, 508, 509], [510, 511, 512, 513, 514], [515, 516, 517], [518, 519, 520], [521, 522, 523, 524], [525, 526, 527], [528, 529, 530, 531], [532, 533, 534, 535, 536], [537, 538, 539, 540], [541, 542, 543], [544, 545, 546, 547, 548], [549, 550, 551, 552, 553], [554, 555, 556, 557, 558], [559, 560, 561], [562, 563, 564, 565], [566, 567, 568, 569], [570, 571, 572, 573, 574], [575, 576, 577, 578], [579, 580, 581, 582, 583], [584, 585, 586], [587, 588, 589], [590, 591, 592], [593, 594, 595, 596], [597, 598, 599], [600, 601, 602, 603, 604], [605, 606, 607, 608], [609, 610, 611], [612, 613, 614, 615], [616, 617, 618, 619], [620, 621, 622, 623, 624], [625, 626, 627], [628, 629, 630], [631, 632, 633, 634], [635, 636, 637, 638], [639, 640, 641, 642], [643, 644, 645], [646, 647, 648, 649, 650], [651, 652, 653, 654, 655], [656, 657, 658, 659, 660], [661, 662, 663, 664], [665, 666, 667], [668, 669, 670, 671], [672, 673, 674, 675], [676, 677, 678, 679], [680, 681, 682, 683], [684, 685, 686, 687, 688], [689, 690, 691, 692], [693, 694, 695, 696], [697, 698, 699, 700, 701], [702, 703, 704, 705], [706, 707, 708, 709], [710, 711, 712], [713, 714, 715, 716], [717, 718, 719, 720], [721, 722, 723], [724, 725, 726, 727, 728], [729, 730, 731, 732, 733], [734, 735, 736, 737], [738, 739, 740], [741, 742, 743, 744, 745], [746, 747, 748, 749], [750, 751, 752, 753, 754], [755, 756, 757], [758, 759, 760, 761, 762], [763, 764, 765, 766], [767, 768, 769, 770, 771], [772, 773, 774], [775, 776, 777, 778, 779], [780, 781, 782, 783, 784], [785, 786, 787], [788, 789, 790, 791, 792], [793, 794, 795], [796, 797, 798, 799], [800]]",201,454,5.464787359000001,27486,33.011402100000005,,227,13743
Block=4_Prob=1_n=10_nsets=800,"Vector{T} where T[[1, 2, 3], [4, 5, 6], [7, 8, 9], [10, 11, 12, 13, 14], [15, 16, 17, 18], [19, 20, 21, 22], [23, 24, 25], [26, 27, 28, 29], [30, 31, 32], [33, 34, 35], [36, 37, 38, 39], [40, 41, 42, 43, 44], [45, 46, 47, 48], [49, 50, 51], [52, 53, 54, 55, 56], [57, 58, 59], [60, 61, 62, 63, 64], [65, 66, 67], [68, 69, 70, 71, 72], [73, 74, 75, 76], [77, 78, 79], [80, 81, 82], [83, 84, 85, 86, 87], [88, 89, 90], [91, 92, 93, 94], [95, 96, 97, 98], [99, 100, 101, 102], [103, 104, 105], [106, 107, 108], [109, 110, 111, 112], [113, 114, 115], [116, 117, 118, 119, 120], [121, 122, 123, 124, 125], [126, 127, 128, 129], [130, 131, 132, 133], [134, 135, 136, 137, 138], [139, 140, 141, 142, 143], [144, 145, 146, 147, 148], [149, 150, 151], [152, 153, 154, 155, 156], [157, 158, 159, 160, 161], [162, 163, 164], [165, 166, 167, 168], [169, 170, 171], [172, 173, 174, 175, 176], [177, 178, 179], [180, 181, 182], [183, 184, 185], [186, 187, 188], [189, 190, 191, 192, 193], [194, 195, 196, 197], [198, 199, 200], [201, 202, 203, 204], [205, 206, 207, 208, 209], [210, 211, 212], [213, 214, 215, 216], [217, 218, 219, 220, 221], [222, 223, 224], [225, 226, 227, 228], [229, 230, 231], [232, 233, 234], [235, 236, 237], [238, 239, 240, 241], [242, 243, 244, 245], [246, 247, 248, 249, 250], [251, 252, 253, 254, 255], [256, 257, 258, 259], [260, 261, 262], [263, 264, 265, 266], [267, 268, 269, 270, 271], [272, 273, 274, 275], [276, 277, 278, 279], [280, 281, 282, 283, 284], [285, 286, 287, 288], [289, 290, 291], [292, 293, 294, 295], [296, 297, 298, 299, 300], [301, 302, 303, 304], [305, 306, 307, 308], [309, 310, 311], [312, 313, 314], [315, 316, 317], [318, 319, 320, 321, 322], [323, 324, 325, 326, 327], [328, 329, 330, 331, 332], [333, 334, 335], [336, 337, 338], [339, 340, 341], [342, 343, 344, 345], [346, 347, 348, 349], [350, 351, 352, 353], [354, 355, 356], [357, 358, 359, 360, 361], [362, 363, 364], [365, 366, 367, 368, 369], [370, 371, 372, 373], [374, 375, 376, 377, 378], [379, 380, 381], [382, 383, 384, 385, 386], [387, 388, 389], [390, 391, 392, 393], [394, 395, 396, 397], [398, 399, 400, 401], [402, 403, 404, 405], [406, 407, 408, 409, 410], [411, 412, 413, 414, 415], [416, 417, 418], [419, 420, 421], [422, 423, 424], [425, 426, 427, 428, 429], [430, 431, 432, 433, 434], [435, 436, 437], [438, 439, 440, 441, 442], [443, 444, 445], [446, 447, 448, 449, 450], [451, 452, 453, 454], [455, 456, 457, 458, 459], [460, 461, 462], [463, 464, 465, 466, 467], [468, 469, 470, 471, 472], [473, 474, 475, 476, 477], [478, 479, 480], [481, 482, 483, 484], [485, 486, 487, 488], [489, 490, 491, 492], [493, 494, 495, 496, 497], [498, 499, 500], [501, 502, 503, 504], [505, 506, 507], [508, 509, 510], [511, 512, 513, 514, 515], [516, 517, 518], [519, 520, 521, 522], [523, 524, 525], [526, 527, 528, 529], [530, 531, 532, 533], [534, 535, 536, 537, 538], [539, 540, 541, 542, 543], [544, 545, 546], [547, 548, 549, 550], [551, 552, 553], [554, 555, 556, 557, 558], [559, 560, 561], [562, 563, 564, 565], [566, 567, 568, 569], [570, 571, 572], [573, 574, 575, 576, 577], [578, 579, 580, 581, 582], [583, 584, 585, 586], [587, 588, 589, 590, 591], [592, 593, 594, 595], [596, 597, 598, 599, 600], [601, 602, 603, 604], [605, 606, 607], [608, 609, 610], [611, 612, 613], [614, 615, 616, 617, 618], [619, 620, 621, 622], [623, 624, 625], [626, 627, 628, 629], [630, 631, 632, 633, 634], [635, 636, 637], [638, 639, 640], [641, 642, 643], [644, 645, 646, 647], [648, 649, 650], [651, 652, 653], [654, 655, 656], [657, 658, 659, 660, 661], [662, 663, 664], [665, 666, 667, 668], [669, 670, 671, 672, 673], [674, 675, 676], [677, 678, 679, 680, 681], [682, 683, 684, 685], [686, 687, 688, 689], [690, 691, 692, 693, 694], [695, 696, 697, 698], [699, 700, 701, 702, 703], [704, 705, 706], [707, 708, 709, 710], [711, 712, 713, 714], [715, 716, 717, 718], [719, 720, 721], [722, 723, 724, 725, 726], [727, 728, 729, 730, 731], [732, 733, 734, 735, 736], [737, 738, 739], [740, 741, 742], [743, 744, 745], [746, 747, 748, 749, 750], [751, 752, 753], [754, 755, 756], [757, 758, 759, 760], [761, 762, 763, 764], [765, 766, 767, 768, 769], [770, 771, 772], [773, 774, 775, 776], [777, 778, 779, 780, 781], [782, 783, 784, 785, 786], [787, 788, 789], [790, 791, 792, 793, 794], [795, 796, 797], [798, 799, 800]]",204,814,5.59771408,26906,31.883182654000002,,407,13453
Block=4_Prob=2_n=10_nsets=800,"Vector{T} where T[[1, 2, 3], [4, 5, 6], [7, 8, 9], [10, 11, 12, 13, 14], [15, 16, 17, 18], [19, 20, 21, 22], [23, 24, 25], [26, 27, 28, 29], [30, 31, 32], [33, 34, 35], [36, 37, 38, 39], [40, 41, 42, 43, 44], [45, 46, 47, 48], [49, 50, 51], [52, 53, 54, 55, 56], [57, 58, 59], [60, 61, 62, 63, 64], [65, 66, 67], [68, 69, 70, 71, 72], [73, 74, 75, 76], [77, 78, 79], [80, 81, 82], [83, 84, 85, 86, 87], [88, 89, 90], [91, 92, 93, 94], [95, 96, 97, 98], [99, 100, 101, 102], [103, 104, 105], [106, 107, 108], [109, 110, 111, 112], [113, 114, 115], [116, 117, 118, 119, 120], [121, 122, 123, 124, 125], [126, 127, 128, 129], [130, 131, 132, 133], [134, 135, 136, 137, 138], [139, 140, 141, 142, 143], [144, 145, 146, 147, 148], [149, 150, 151], [152, 153, 154, 155, 156], [157, 158, 159, 160, 161], [162, 163, 164], [165, 166, 167, 168], [169, 170, 171], [172, 173, 174, 175, 176], [177, 178, 179], [180, 181, 182], [183, 184, 185], [186, 187, 188], [189, 190, 191, 192, 193], [194, 195, 196, 197], [198, 199, 200], [201, 202, 203, 204], [205, 206, 207, 208, 209], [210, 211, 212], [213, 214, 215, 216], [217, 218, 219, 220, 221], [222, 223, 224], [225, 226, 227, 228], [229, 230, 231], [232, 233, 234], [235, 236, 237], [238, 239, 240, 241], [242, 243, 244, 245], [246, 247, 248, 249, 250], [251, 252, 253, 254, 255], [256, 257, 258, 259], [260, 261, 262], [263, 264, 265, 266], [267, 268, 269, 270, 271], [272, 273, 274, 275], [276, 277, 278, 279], [280, 281, 282, 283, 284], [285, 286, 287, 288], [289, 290, 291], [292, 293, 294, 295], [296, 297, 298, 299, 300], [301, 302, 303, 304], [305, 306, 307, 308], [309, 310, 311], [312, 313, 314], [315, 316, 317], [318, 319, 320, 321, 322], [323, 324, 325, 326, 327], [328, 329, 330, 331, 332], [333, 334, 335], [336, 337, 338], [339, 340, 341], [342, 343, 344, 345], [346, 347, 348, 349], [350, 351, 352, 353], [354, 355, 356], [357, 358, 359, 360, 361], [362, 363, 364], [365, 366, 367, 368, 369], [370, 371, 372, 373], [374, 375, 376, 377, 378], [379, 380, 381], [382, 383, 384, 385, 386], [387, 388, 389], [390, 391, 392, 393], [394, 395, 396, 397], [398, 399, 400, 401], [402, 403, 404, 405], [406, 407, 408, 409, 410], [411, 412, 413, 414, 415], [416, 417, 418], [419, 420, 421], [422, 423, 424], [425, 426, 427, 428, 429], [430, 431, 432, 433, 434], [435, 436, 437], [438, 439, 440, 441, 442], [443, 444, 445], [446, 447, 448, 449, 450], [451, 452, 453, 454], [455, 456, 457, 458, 459], [460, 461, 462], [463, 464, 465, 466, 467], [468, 469, 470, 471, 472], [473, 474, 475, 476, 477], [478, 479, 480], [481, 482, 483, 484], [485, 486, 487, 488], [489, 490, 491, 492], [493, 494, 495, 496, 497], [498, 499, 500], [501, 502, 503, 504], [505, 506, 507], [508, 509, 510], [511, 512, 513, 514, 515], [516, 517, 518], [519, 520, 521, 522], [523, 524, 525], [526, 527, 528, 529], [530, 531, 532, 533], [534, 535, 536, 537, 538], [539, 540, 541, 542, 543], [544, 545, 546], [547, 548, 549, 550], [551, 552, 553], [554, 555, 556, 557, 558], [559, 560, 561], [562, 563, 564, 565], [566, 567, 568, 569], [570, 571, 572], [573, 574, 575, 576, 577], [578, 579, 580, 581, 582], [583, 584, 585, 586], [587, 588, 589, 590, 591], [592, 593, 594, 595], [596, 597, 598, 599, 600], [601, 602, 603, 604], [605, 606, 607], [608, 609, 610], [611, 612, 613], [614, 615, 616, 617, 618], [619, 620, 621, 622], [623, 624, 625], [626, 627, 628, 629], [630, 631, 632, 633, 634], [635, 636, 637], [638, 639, 640], [641, 642, 643], [644, 645, 646, 647], [648, 649, 650], [651, 652, 653], [654, 655, 656], [657, 658, 659, 660, 661], [662, 663, 664], [665, 666, 667, 668], [669, 670, 671, 672, 673], [674, 675, 676], [677, 678, 679, 680, 681], [682, 683, 684, 685], [686, 687, 688, 689], [690, 691, 692, 693, 694], [695, 696, 697, 698], [699, 700, 701, 702, 703], [704, 705, 706], [707, 708, 709, 710], [711, 712, 713, 714], [715, 716, 717, 718], [719, 720, 721], [722, 723, 724, 725, 726], [727, 728, 729, 730, 731], [732, 733, 734, 735, 736], [737, 738, 739], [740, 741, 742], [743, 744, 745], [746, 747, 748, 749, 750], [751, 752, 753], [754, 755, 756], [757, 758, 759, 760], [761, 762, 763, 764], [765, 766, 767, 768, 769], [770, 771, 772], [773, 774, 775, 776], [777, 778, 779, 780, 781], [782, 783, 784, 785, 786], [787, 788, 789], [790, 791, 792, 793, 794], [795, 796, 797], [798, 799, 800]]",204,1024,4.727710121,23880,77.139945626,,512,11940
Block=5_Prob=1_n=10_nsets=800,"Vector{T} where T[[1, 2, 3, 4, 5], [6, 7, 8], [9, 10, 11, 12], [13, 14, 15, 16, 17], [18, 19, 20, 21, 22], [23, 24, 25], [26, 27, 28, 29, 30], [31, 32, 33, 34], [35, 36, 37, 38], [39, 40, 41, 42, 43], [44, 45, 46], [47, 48, 49, 50, 51], [52, 53, 54, 55], [56, 57, 58], [59, 60, 61, 62], [63, 64, 65, 66, 67], [68, 69, 70, 71, 72], [73, 74, 75, 76], [77, 78, 79], [80, 81, 82, 83, 84], [85, 86, 87, 88], [89, 90, 91], [92, 93, 94, 95, 96], [97, 98, 99, 100], [101, 102, 103], [104, 105, 106, 107], [108, 109, 110, 111, 112], [113, 114, 115, 116], [117, 118, 119], [120, 121, 122, 123], [124, 125, 126, 127, 128], [129, 130, 131, 132], [133, 134, 135], [136, 137, 138, 139, 140], [141, 142, 143, 144, 145], [146, 147, 148, 149], [150, 151, 152, 153], [154, 155, 156, 157, 158], [159, 160, 161], [162, 163, 164, 165, 166], [167, 168, 169], [170, 171, 172, 173], [174, 175, 176], [177, 178, 179, 180], [181, 182, 183, 184], [185, 186, 187, 188, 189], [190, 191, 192, 193, 194], [195, 196, 197, 198], [199, 200, 201, 202], [203, 204, 205, 206, 207], [208, 209, 210, 211], [212, 213, 214], [215, 216, 217, 218, 219], [220, 221, 222, 223, 224], [225, 226, 227], [228, 229, 230, 231, 232], [233, 234, 235, 236], [237, 238, 239], [240, 241, 242, 243], [244, 245, 246, 247, 248], [249, 250, 251, 252, 253], [254, 255, 256], [257, 258, 259, 260], [261, 262, 263], [264, 265, 266, 267, 268], [269, 270, 271, 272, 273], [274, 275, 276, 277], [278, 279, 280, 281, 282], [283, 284, 285], [286, 287, 288, 289], [290, 291, 292, 293, 294], [295, 296, 297, 298, 299], [300, 301, 302, 303], [304, 305, 306], [307, 308, 309, 310], [311, 312, 313, 314], [315, 316, 317, 318, 319], [320, 321, 322, 323, 324], [325, 326, 327], [328, 329, 330], [331, 332, 333, 334, 335], [336, 337, 338, 339], [340, 341, 342, 343, 344], [345, 346, 347, 348, 349], [350, 351, 352, 353], [354, 355, 356], [357, 358, 359, 360], [361, 362, 363, 364, 365], [366, 367, 368], [369, 370, 371], [372, 373, 374, 375], [376, 377, 378], [379, 380, 381, 382], [383, 384, 385, 386, 387], [388, 389, 390, 391], [392, 393, 394, 395], [396, 397, 398], [399, 400, 401, 402], [403, 404, 405, 406], [407, 408, 409], [410, 411, 412, 413], [414, 415, 416, 417, 418], [419, 420, 421], [422, 423, 424, 425, 426], [427, 428, 429, 430], [431, 432, 433, 434], [435, 436, 437, 438], [439, 440, 441, 442, 443], [444, 445, 446, 447], [448, 449, 450, 451], [452, 453, 454, 455], [456, 457, 458], [459, 460, 461], [462, 463, 464], [465, 466, 467], [468, 469, 470, 471], [472, 473, 474], [475, 476, 477], [478, 479, 480, 481, 482], [483, 484, 485, 486], [487, 488, 489, 490, 491], [492, 493, 494, 495], [496, 497, 498], [499, 500, 501, 502, 503], [504, 505, 506, 507, 508], [509, 510, 511, 512], [513, 514, 515], [516, 517, 518], [519, 520, 521, 522], [523, 524, 525], [526, 527, 528, 529, 530], [531, 532, 533, 534, 535], [536, 537, 538, 539, 540], [541, 542, 543, 544], [545, 546, 547, 548, 549], [550, 551, 552], [553, 554, 555, 556], [557, 558, 559, 560], [561, 562, 563], [564, 565, 566, 567, 568], [569, 570, 571], [572, 573, 574, 575], [576, 577, 578, 579], [580, 581, 582, 583], [584, 585, 586, 587], [588, 589, 590, 591], [592, 593, 594, 595, 596], [597, 598, 599], [600, 601, 602], [603, 604, 605, 606, 607], [608, 609, 610, 611, 612], [613, 614, 615, 616], [617, 618, 619, 620], [621, 622, 623, 624], [625, 626, 627, 628, 629], [630, 631, 632, 633], [634, 635, 636], [637, 638, 639], [640, 641, 642, 643, 644], [645, 646, 647, 648, 649], [650, 651, 652, 653], [654, 655, 656, 657], [658, 659, 660, 661], [662, 663, 664, 665, 666], [667, 668, 669], [670, 671, 672], [673, 674, 675, 676], [677, 678, 679, 680], [681, 682, 683, 684, 685], [686, 687, 688, 689, 690], [691, 692, 693, 694], [695, 696, 697, 698, 699], [700, 701, 702], [703, 704, 705], [706, 707, 708, 709], [710, 711, 712, 713], [714, 715, 716, 717], [718, 719, 720], [721, 722, 723, 724], [725, 726, 727], [728, 729, 730], [731, 732, 733, 734], [735, 736, 737], [738, 739, 740], [741, 742, 743, 744], [745, 746, 747, 748], [749, 750, 751, 752, 753], [754, 755, 756], [757, 758, 759, 760, 761], [762, 763, 764, 765], [766, 767, 768, 769, 770], [771, 772, 773, 774, 775], [776, 777, 778, 779], [780, 781, 782, 783, 784], [785, 786, 787, 788], [789, 790, 791, 792, 793], [794, 795, 796, 797], [798, 799, 800]]",198,408,5.022024546,20166,48.272073727000006,,204,10083
Block=5_Prob=2_n=10_nsets=800,"Vector{T} where T[[1, 2, 3, 4, 5], [6, 7, 8], [9, 10, 11, 12], [13, 14, 15, 16, 17], [18, 19, 20, 21, 22], [23, 24, 25], [26, 27, 28, 29, 30], [31, 32, 33, 34], [35, 36, 37, 38], [39, 40, 41, 42, 43], [44, 45, 46], [47, 48, 49, 50, 51], [52, 53, 54, 55], [56, 57, 58], [59, 60, 61, 62], [63, 64, 65, 66, 67], [68, 69, 70, 71, 72], [73, 74, 75, 76], [77, 78, 79], [80, 81, 82, 83, 84], [85, 86, 87, 88], [89, 90, 91], [92, 93, 94, 95, 96], [97, 98, 99, 100], [101, 102, 103], [104, 105, 106, 107], [108, 109, 110, 111, 112], [113, 114, 115, 116], [117, 118, 119], [120, 121, 122, 123], [124, 125, 126, 127, 128], [129, 130, 131, 132], [133, 134, 135], [136, 137, 138, 139, 140], [141, 142, 143, 144, 145], [146, 147, 148, 149], [150, 151, 152, 153], [154, 155, 156, 157, 158], [159, 160, 161], [162, 163, 164, 165, 166], [167, 168, 169], [170, 171, 172, 173], [174, 175, 176], [177, 178, 179, 180], [181, 182, 183, 184], [185, 186, 187, 188, 189], [190, 191, 192, 193, 194], [195, 196, 197, 198], [199, 200, 201, 202], [203, 204, 205, 206, 207], [208, 209, 210, 211], [212, 213, 214], [215, 216, 217, 218, 219], [220, 221, 222, 223, 224], [225, 226, 227], [228, 229, 230, 231, 232], [233, 234, 235, 236], [237, 238, 239], [240, 241, 242, 243], [244, 245, 246, 247, 248], [249, 250, 251, 252, 253], [254, 255, 256], [257, 258, 259, 260], [261, 262, 263], [264, 265, 266, 267, 268], [269, 270, 271, 272, 273], [274, 275, 276, 277], [278, 279, 280, 281, 282], [283, 284, 285], [286, 287, 288, 289], [290, 291, 292, 293, 294], [295, 296, 297, 298, 299], [300, 301, 302, 303], [304, 305, 306], [307, 308, 309, 310], [311, 312, 313, 314], [315, 316, 317, 318, 319], [320, 321, 322, 323, 324], [325, 326, 327], [328, 329, 330], [331, 332, 333, 334, 335], [336, 337, 338, 339], [340, 341, 342, 343, 344], [345, 346, 347, 348, 349], [350, 351, 352, 353], [354, 355, 356], [357, 358, 359, 360], [361, 362, 363, 364, 365], [366, 367, 368], [369, 370, 371], [372, 373, 374, 375], [376, 377, 378], [379, 380, 381, 382], [383, 384, 385, 386, 387], [388, 389, 390, 391], [392, 393, 394, 395], [396, 397, 398], [399, 400, 401, 402], [403, 404, 405, 406], [407, 408, 409], [410, 411, 412, 413], [414, 415, 416, 417, 418], [419, 420, 421], [422, 423, 424, 425, 426], [427, 428, 429, 430], [431, 432, 433, 434], [435, 436, 437, 438], [439, 440, 441, 442, 443], [444, 445, 446, 447], [448, 449, 450, 451], [452, 453, 454, 455], [456, 457, 458], [459, 460, 461], [462, 463, 464], [465, 466, 467], [468, 469, 470, 471], [472, 473, 474], [475, 476, 477], [478, 479, 480, 481, 482], [483, 484, 485, 486], [487, 488, 489, 490, 491], [492, 493, 494, 495], [496, 497, 498], [499, 500, 501, 502, 503], [504, 505, 506, 507, 508], [509, 510, 511, 512], [513, 514, 515], [516, 517, 518], [519, 520, 521, 522], [523, 524, 525], [526, 527, 528, 529, 530], [531, 532, 533, 534, 535], [536, 537, 538, 539, 540], [541, 542, 543, 544], [545, 546, 547, 548, 549], [550, 551, 552], [553, 554, 555, 556], [557, 558, 559, 560], [561, 562, 563], [564, 565, 566, 567, 568], [569, 570, 571], [572, 573, 574, 575], [576, 577, 578, 579], [580, 581, 582, 583], [584, 585, 586, 587], [588, 589, 590, 591], [592, 593, 594, 595, 596], [597, 598, 599], [600, 601, 602], [603, 604, 605, 606, 607], [608, 609, 610, 611, 612], [613, 614, 615, 616], [617, 618, 619, 620], [621, 622, 623, 624], [625, 626, 627, 628, 629], [630, 631, 632, 633], [634, 635, 636], [637, 638, 639], [640, 641, 642, 643, 644], [645, 646, 647, 648, 649], [650, 651, 652, 653], [654, 655, 656, 657], [658, 659, 660, 661], [662, 663, 664, 665, 666], [667, 668, 669], [670, 671, 672], [673, 674, 675, 676], [677, 678, 679, 680], [681, 682, 683, 684, 685], [686, 687, 688, 689, 690], [691, 692, 693, 694], [695, 696, 697, 698, 699], [700, 701, 702], [703, 704, 705], [706, 707, 708, 709], [710, 711, 712, 713], [714, 715, 716, 717], [718, 719, 720], [721, 722, 723, 724], [725, 726, 727], [728, 729, 730], [731, 732, 733, 734], [735, 736, 737], [738, 739, 740], [741, 742, 743, 744], [745, 746, 747, 748], [749, 750, 751, 752, 753], [754, 755, 756], [757, 758, 759, 760, 761], [762, 763, 764, 765], [766, 767, 768, 769, 770], [771, 772, 773, 774, 775], [776, 777, 778, 779], [780, 781, 782, 783, 784], [785, 786, 787, 788], [789, 790, 791, 792, 793], [794, 795, 796, 797], [798, 799, 800]]",198,332,6.7282196160000005,45912,92.195684678,,166,22956
Block=1_Prob=1_n=30_nsets=40,"Vector{T} where T[[1, 2, 3, 4], [5, 6, 7, 8, 9], [10, 11, 12], [13, 14, 15], [16, 17, 18], [19, 20, 21, 22, 23], [24, 25, 26, 27, 28], [29, 30, 31], [32, 33, 34, 35, 36], [37, 38, 39], [40]]",11,174,1.1184390962000001,3084,5.89845703,,87,1542
Block=1_Prob=2_n=30_nsets=40,"Vector{T} where T[[1, 2, 3, 4], [5, 6, 7, 8, 9], [10, 11, 12], [13, 14, 15], [16, 17, 18], [19, 20, 21, 22, 23], [24, 25, 26, 27, 28], [29, 30, 31], [32, 33, 34, 35, 36], [37, 38, 39], [40]]",11,322,0.9292329490000001,1934,4.152166826333334,,161,967
Block=2_Prob=1_n=30_nsets=40,"Vector{T} where T[[1, 2, 3, 4, 5], [6, 7, 8], [9, 10, 11, 12], [13, 14, 15], [16, 17, 18, 19, 20], [21, 22, 23, 24], [25, 26, 27, 28, 29], [30, 31, 32, 33, 34], [35, 36, 37, 38, 39], [40]]",10,96,1.6284709617500002,1834,2.9861582980000003,,48,917
Block=2_Prob=2_n=30_nsets=40,"Vector{T} where T[[1, 2, 3, 4, 5], [6, 7, 8], [9, 10, 11, 12], [13, 14, 15], [16, 17, 18, 19, 20], [21, 22, 23, 24], [25, 26, 27, 28, 29], [30, 31, 32, 33, 34], [35, 36, 37, 38, 39], [40]]",10,378,0.7606942388571428,9362,3.5016439895,,189,4681
Block=3_Prob=1_n=30_nsets=40,"Vector{T} where T[[1, 2, 3, 4, 5], [6, 7, 8, 9], [10, 11, 12, 13, 14], [15, 16, 17, 18], [19, 20, 21, 22, 23], [24, 25, 26, 27], [28, 29, 30], [31, 32, 33, 34, 35], [36, 37, 38], [39, 40]]",10,346,1.3470209865,1234,13.549852155000002,,173,617
Block=3_Prob=2_n=30_nsets=40,"Vector{T} where T[[1, 2, 3, 4, 5], [6, 7, 8, 9], [10, 11, 12, 13, 14], [15, 16, 17, 18], [19, 20, 21, 22, 23], [24, 25, 26, 27], [28, 29, 30], [31, 32, 33, 34, 35], [36, 37, 38], [39, 40]]",10,92,0.9359409743333335,2134,3.7888888775000003,,46,1067
Block=4_Prob=1_n=30_nsets=40,"Vector{T} where T[[1, 2, 3, 4, 5], [6, 7, 8], [9, 10, 11, 12, 13], [14, 15, 16], [17, 18, 19, 20], [21, 22, 23, 24], [25, 26, 27, 28], [29, 30, 31], [32, 33, 34, 35], [36, 37, 38], [39, 40]]",11,226,0.9293374187142858,1000,3.9135130565000003,,113,500
Block=4_Prob=2_n=30_nsets=40,"Vector{T} where T[[1, 2, 3, 4, 5], [6, 7, 8], [9, 10, 11, 12, 13], [14, 15, 16], [17, 18, 19, 20], [21, 22, 23, 24], [25, 26, 27, 28], [29, 30, 31], [32, 33, 34, 35], [36, 37, 38], [39, 40]]",11,152,0.8425898046666667,1522,6.129815433,,76,761
Block=5_Prob=1_n=30_nsets=40,"Vector{T} where T[[1, 2, 3, 4, 5], [6, 7, 8, 9], [10, 11, 12, 13], [14, 15, 16, 17], [18, 19, 20, 21, 22], [23, 24, 25, 26, 27], [28, 29, 30], [31, 32, 33, 34, 35], [36, 37, 38, 39, 40]]",9,276,0.767423394,13530,7.032047449,,138,6765
Block=5_Prob=2_n=30_nsets=40,"Vector{T} where T[[1, 2, 3, 4, 5], [6, 7, 8, 9], [10, 11, 12, 13], [14, 15, 16, 17], [18, 19, 20, 21, 22], [23, 24, 25, 26, 27], [28, 29, 30], [31, 32, 33, 34, 35], [36, 37, 38, 39, 40]]",9,276,0.9612085433333334,1050,3.2573090810000003,,138,525
Block=1_Prob=1_n=30_nsets=100,"Vector{T} where T[[1, 2, 3, 4], [5, 6, 7, 8, 9], [10, 11, 12], [13, 14, 15], [16, 17, 18], [19, 20, 21, 22, 23], [24, 25, 26, 27, 28], [29, 30, 31], [32, 33, 34, 35, 36], [37, 38, 39], [40, 41, 42, 43], [44, 45, 46, 47, 48], [49, 50, 51], [52, 53, 54, 55], [56, 57, 58], [59, 60, 61, 62, 63], [64, 65, 66, 67], [68, 69, 70, 71, 72], [73, 74, 75, 76, 77], [78, 79, 80, 81, 82], [83, 84, 85, 86], [87, 88, 89, 90, 91], [92, 93, 94, 95], [96, 97, 98, 99, 100]]",24,166,2.1343896353333336,1394,31.725873525,,83,697
Block=1_Prob=2_n=30_nsets=100,"Vector{T} where T[[1, 2, 3, 4], [5, 6, 7, 8, 9], [10, 11, 12], [13, 14, 15], [16, 17, 18], [19, 20, 21, 22, 23], [24, 25, 26, 27, 28], [29, 30, 31], [32, 33, 34, 35, 36], [37, 38, 39], [40, 41, 42, 43], [44, 45, 46, 47, 48], [49, 50, 51], [52, 53, 54, 55], [56, 57, 58], [59, 60, 61, 62, 63], [64, 65, 66, 67], [68, 69, 70, 71, 72], [73, 74, 75, 76, 77], [78, 79, 80, 81, 82], [83, 84, 85, 86], [87, 88, 89, 90, 91], [92, 93, 94, 95], [96, 97, 98, 99, 100]]",24,290,1.57101140975,6062,6.175690487000001,,145,3031
Block=2_Prob=1_n=30_nsets=100,"Vector{T} where T[[1, 2, 3, 4], [5, 6, 7, 8, 9], [10, 11, 12, 13], [14, 15, 16], [17, 18, 19, 20, 21], [22, 23, 24], [25, 26, 27], [28, 29, 30, 31, 32], [33, 34, 35], [36, 37, 38, 39, 40], [41, 42, 43], [44, 45, 46, 47], [48, 49, 50, 51], [52, 53, 54, 55], [56, 57, 58], [59, 60, 61, 62], [63, 64, 65], [66, 67, 68, 69, 70], [71, 72, 73, 74, 75], [76, 77, 78, 79], [80, 81, 82, 83], [84, 85, 86, 87], [88, 89, 90, 91, 92], [93, 94, 95, 96, 97], [98, 99, 100]]",25,202,1.7136227452500001,1808,13.365034619000001,,101,904
Block=2_Prob=2_n=30_nsets=100,"Vector{T} where T[[1, 2, 3, 4], [5, 6, 7, 8, 9], [10, 11, 12, 13], [14, 15, 16], [17, 18, 19, 20, 21], [22, 23, 24], [25, 26, 27], [28, 29, 30, 31, 32], [33, 34, 35], [36, 37, 38, 39, 40], [41, 42, 43], [44, 45, 46, 47], [48, 49, 50, 51], [52, 53, 54, 55], [56, 57, 58], [59, 60, 61, 62], [63, 64, 65], [66, 67, 68, 69, 70], [71, 72, 73, 74, 75], [76, 77, 78, 79], [80, 81, 82, 83], [84, 85, 86, 87], [88, 89, 90, 91, 92], [93, 94, 95, 96, 97], [98, 99, 100]]",25,164,1.34849435425,5780,8.123966242,,82,2890
Block=3_Prob=1_n=30_nsets=100,"Vector{T} where T[[1, 2, 3, 4, 5], [6, 7, 8, 9, 10], [11, 12, 13], [14, 15, 16, 17, 18], [19, 20, 21, 22], [23, 24, 25], [26, 27, 28, 29], [30, 31, 32, 33, 34], [35, 36, 37, 38, 39], [40, 41, 42], [43, 44, 45, 46, 47], [48, 49, 50, 51, 52], [53, 54, 55, 56], [57, 58, 59, 60, 61], [62, 63, 64, 65], [66, 67, 68], [69, 70, 71, 72, 73], [74, 75, 76, 77], [78, 79, 80, 81], [82, 83, 84, 85], [86, 87, 88, 89, 90], [91, 92, 93], [94, 95, 96, 97, 98], [99, 100]]",24,134,3.3059455496666668,6912,8.485128963000001,,67,3456
Block=3_Prob=2_n=30_nsets=100,"Vector{T} where T[[1, 2, 3, 4, 5], [6, 7, 8, 9, 10], [11, 12, 13], [14, 15, 16, 17, 18], [19, 20, 21, 22], [23, 24, 25], [26, 27, 28, 29], [30, 31, 32, 33, 34], [35, 36, 37, 38, 39], [40, 41, 42], [43, 44, 45, 46, 47], [48, 49, 50, 51, 52], [53, 54, 55, 56], [57, 58, 59, 60, 61], [62, 63, 64, 65], [66, 67, 68], [69, 70, 71, 72, 73], [74, 75, 76, 77], [78, 79, 80, 81], [82, 83, 84, 85], [86, 87, 88, 89, 90], [91, 92, 93], [94, 95, 96, 97, 98], [99, 100]]",24,132,1.3314497947500001,2672,11.515148108,,66,1336
Block=4_Prob=1_n=30_nsets=100,"Vector{T} where T[[1, 2, 3, 4, 5], [6, 7, 8, 9, 10], [11, 12, 13, 14, 15], [16, 17, 18, 19, 20], [21, 22, 23, 24, 25], [26, 27, 28, 29, 30], [31, 32, 33, 34, 35], [36, 37, 38], [39, 40, 41], [42, 43, 44, 45], [46, 47, 48], [49, 50, 51, 52], [53, 54, 55], [56, 57, 58, 59, 60], [61, 62, 63, 64], [65, 66, 67, 68], [69, 70, 71], [72, 73, 74], [75, 76, 77, 78], [79, 80, 81, 82, 83], [84, 85, 86, 87, 88], [89, 90, 91], [92, 93, 94, 95], [96, 97, 98, 99], [100]]",25,554,2.255048846,1820,7.734228978000001,,277,910
Block=4_Prob=2_n=30_nsets=100,"Vector{T} where T[[1, 2, 3, 4, 5], [6, 7, 8, 9, 10], [11, 12, 13, 14, 15], [16, 17, 18, 19, 20], [21, 22, 23, 24, 25], [26, 27, 28, 29, 30], [31, 32, 33, 34, 35], [36, 37, 38], [39, 40, 41], [42, 43, 44, 45], [46, 47, 48], [49, 50, 51, 52], [53, 54, 55], [56, 57, 58, 59, 60], [61, 62, 63, 64], [65, 66, 67, 68], [69, 70, 71], [72, 73, 74], [75, 76, 77, 78], [79, 80, 81, 82, 83], [84, 85, 86, 87, 88], [89, 90, 91], [92, 93, 94, 95], [96, 97, 98, 99], [100]]",25,122,1.4243084860000002,4982,14.549560609,,61,2491
Block=5_Prob=1_n=30_nsets=100,"Vector{T} where T[[1, 2, 3, 4], [5, 6, 7], [8, 9, 10], [11, 12, 13, 14], [15, 16, 17, 18, 19], [20, 21, 22, 23], [24, 25, 26, 27], [28, 29, 30, 31], [32, 33, 34, 35, 36], [37, 38, 39, 40, 41], [42, 43, 44], [45, 46, 47, 48], [49, 50, 51], [52, 53, 54, 55], [56, 57, 58, 59], [60, 61, 62], [63, 64, 65, 66, 67], [68, 69, 70, 71], [72, 73, 74, 75, 76], [77, 78, 79], [80, 81, 82, 83, 84], [85, 86, 87, 88], [89, 90, 91, 92], [93, 94, 95], [96, 97, 98, 99, 100]]",25,186,2.434226405,1508,11.756344101000002,,93,754
Block=5_Prob=2_n=30_nsets=100,"Vector{T} where T[[1, 2, 3, 4], [5, 6, 7], [8, 9, 10], [11, 12, 13, 14], [15, 16, 17, 18, 19], [20, 21, 22, 23], [24, 25, 26, 27], [28, 29, 30, 31], [32, 33, 34, 35, 36], [37, 38, 39, 40, 41], [42, 43, 44], [45, 46, 47, 48], [49, 50, 51], [52, 53, 54, 55], [56, 57, 58, 59], [60, 61, 62], [63, 64, 65, 66, 67], [68, 69, 70, 71], [72, 73, 74, 75, 76], [77, 78, 79], [80, 81, 82, 83, 84], [85, 86, 87, 88], [89, 90, 91, 92], [93, 94, 95], [96, 97, 98, 99, 100]]",25,524,1.80677892925,6474,7.654269329000001,,262,3237
Block=1_Prob=1_n=30_nsets=200,"Vector{T} where T[[1, 2, 3, 4], [5, 6, 7, 8, 9], [10, 11, 12], [13, 14, 15], [16, 17, 18], [19, 20, 21, 22, 23], [24, 25, 26, 27, 28], [29, 30, 31], [32, 33, 34, 35, 36], [37, 38, 39], [40, 41, 42, 43], [44, 45, 46, 47, 48], [49, 50, 51], [52, 53, 54, 55], [56, 57, 58], [59, 60, 61, 62, 63], [64, 65, 66, 67], [68, 69, 70, 71, 72], [73, 74, 75, 76, 77], [78, 79, 80, 81, 82], [83, 84, 85, 86], [87, 88, 89, 90, 91], [92, 93, 94, 95], [96, 97, 98, 99, 100], [101, 102, 103, 104], [105, 106, 107, 108, 109], [110, 111, 112, 113], [114, 115, 116], [117, 118, 119, 120, 121], [122, 123, 124], [125, 126, 127], [128, 129, 130, 131, 132], [133, 134, 135], [136, 137, 138, 139, 140], [141, 142, 143], [144, 145, 146, 147], [148, 149, 150, 151], [152, 153, 154, 155], [156, 157, 158], [159, 160, 161, 162], [163, 164, 165], [166, 167, 168, 169, 170], [171, 172, 173, 174, 175], [176, 177, 178, 179], [180, 181, 182, 183], [184, 185, 186, 187], [188, 189, 190, 191, 192], [193, 194, 195, 196, 197], [198, 199, 200]]",49,382,3.0512482945,12534,22.250159343,,191,6267
Block=1_Prob=2_n=30_nsets=200,"Vector{T} where T[[1, 2, 3, 4], [5, 6, 7, 8, 9], [10, 11, 12], [13, 14, 15], [16, 17, 18], [19, 20, 21, 22, 23], [24, 25, 26, 27, 28], [29, 30, 31], [32, 33, 34, 35, 36], [37, 38, 39], [40, 41, 42, 43], [44, 45, 46, 47, 48], [49, 50, 51], [52, 53, 54, 55], [56, 57, 58], [59, 60, 61, 62, 63], [64, 65, 66, 67], [68, 69, 70, 71, 72], [73, 74, 75, 76, 77], [78, 79, 80, 81, 82], [83, 84, 85, 86], [87, 88, 89, 90, 91], [92, 93, 94, 95], [96, 97, 98, 99, 100], [101, 102, 103, 104], [105, 106, 107, 108, 109], [110, 111, 112, 113], [114, 115, 116], [117, 118, 119, 120, 121], [122, 123, 124], [125, 126, 127], [128, 129, 130, 131, 132], [133, 134, 135], [136, 137, 138, 139, 140], [141, 142, 143], [144, 145, 146, 147], [148, 149, 150, 151], [152, 153, 154, 155], [156, 157, 158], [159, 160, 161, 162], [163, 164, 165], [166, 167, 168, 169, 170], [171, 172, 173, 174, 175], [176, 177, 178, 179], [180, 181, 182, 183], [184, 185, 186, 187], [188, 189, 190, 191, 192], [193, 194, 195, 196, 197], [198, 199, 200]]",49,136,3.0663234725,4200,42.14860464,,68,2100
Block=2_Prob=1_n=30_nsets=200,"Vector{T} where T[[1, 2, 3, 4, 5], [6, 7, 8, 9, 10], [11, 12, 13], [14, 15, 16, 17, 18], [19, 20, 21, 22], [23, 24, 25], [26, 27, 28, 29], [30, 31, 32, 33, 34], [35, 36, 37, 38, 39], [40, 41, 42], [43, 44, 45, 46, 47], [48, 49, 50, 51, 52], [53, 54, 55, 56], [57, 58, 59, 60, 61], [62, 63, 64, 65], [66, 67, 68], [69, 70, 71, 72, 73], [74, 75, 76, 77], [78, 79, 80, 81], [82, 83, 84, 85], [86, 87, 88, 89, 90], [91, 92, 93], [94, 95, 96, 97, 98], [99, 100, 101, 102], [103, 104, 105, 106, 107], [108, 109, 110, 111, 112], [113, 114, 115, 116, 117], [118, 119, 120, 121, 122], [123, 124, 125, 126, 127], [128, 129, 130, 131, 132], [133, 134, 135, 136, 137], [138, 139, 140], [141, 142, 143], [144, 145, 146, 147], [148, 149, 150], [151, 152, 153, 154], [155, 156, 157], [158, 159, 160, 161, 162], [163, 164, 165, 166], [167, 168, 169, 170], [171, 172, 173], [174, 175, 176], [177, 178, 179, 180], [181, 182, 183, 184, 185], [186, 187, 188, 189, 190], [191, 192, 193], [194, 195, 196, 197], [198, 199, 200]]",48,208,2.3950683280000002,36706,22.421270380000003,,104,18353
Block=2_Prob=2_n=30_nsets=200,"Vector{T} where T[[1, 2, 3, 4, 5], [6, 7, 8, 9, 10], [11, 12, 13], [14, 15, 16, 17, 18], [19, 20, 21, 22], [23, 24, 25], [26, 27, 28, 29], [30, 31, 32, 33, 34], [35, 36, 37, 38, 39], [40, 41, 42], [43, 44, 45, 46, 47], [48, 49, 50, 51, 52], [53, 54, 55, 56], [57, 58, 59, 60, 61], [62, 63, 64, 65], [66, 67, 68], [69, 70, 71, 72, 73], [74, 75, 76, 77], [78, 79, 80, 81], [82, 83, 84, 85], [86, 87, 88, 89, 90], [91, 92, 93], [94, 95, 96, 97, 98], [99, 100, 101, 102], [103, 104, 105, 106, 107], [108, 109, 110, 111, 112], [113, 114, 115, 116, 117], [118, 119, 120, 121, 122], [123, 124, 125, 126, 127], [128, 129, 130, 131, 132], [133, 134, 135, 136, 137], [138, 139, 140], [141, 142, 143], [144, 145, 146, 147], [148, 149, 150], [151, 152, 153, 154], [155, 156, 157], [158, 159, 160, 161, 162], [163, 164, 165, 166], [167, 168, 169, 170], [171, 172, 173], [174, 175, 176], [177, 178, 179, 180], [181, 182, 183, 184, 185], [186, 187, 188, 189, 190], [191, 192, 193], [194, 195, 196, 197], [198, 199, 200]]",48,662,2.2328585546666666,4064,14.28647237,,331,2032
Block=3_Prob=1_n=30_nsets=200,"Vector{T} where T[[1, 2, 3, 4, 5], [6, 7, 8, 9], [10, 11, 12], [13, 14, 15], [16, 17, 18, 19], [20, 21, 22, 23, 24], [25, 26, 27, 28], [29, 30, 31, 32], [33, 34, 35, 36], [37, 38, 39, 40, 41], [42, 43, 44, 45, 46], [47, 48, 49], [50, 51, 52, 53], [54, 55, 56], [57, 58, 59, 60], [61, 62, 63, 64], [65, 66, 67], [68, 69, 70, 71, 72], [73, 74, 75, 76], [77, 78, 79, 80, 81], [82, 83, 84], [85, 86, 87, 88, 89], [90, 91, 92, 93], [94, 95, 96, 97], [98, 99, 100], [101, 102, 103, 104, 105], [106, 107, 108], [109, 110, 111, 112, 113], [114, 115, 116], [117, 118, 119, 120], [121, 122, 123], [124, 125, 126, 127, 128], [129, 130, 131, 132, 133], [134, 135, 136, 137, 138], [139, 140, 141, 142, 143], [144, 145, 146, 147], [148, 149, 150, 151, 152], [153, 154, 155, 156], [157, 158, 159], [160, 161, 162, 163], [164, 165, 166, 167], [168, 169, 170, 171], [172, 173, 174], [175, 176, 177, 178, 179], [180, 181, 182, 183, 184], [185, 186, 187, 188, 189], [190, 191, 192, 193, 194], [195, 196, 197, 198], [199, 200]]",49,266,2.8198774433333336,5654,24.779826392,,133,2827
Block=3_Prob=2_n=30_nsets=200,"Vector{T} where T[[1, 2, 3, 4, 5], [6, 7, 8, 9], [10, 11, 12], [13, 14, 15], [16, 17, 18, 19], [20, 21, 22, 23, 24], [25, 26, 27, 28], [29, 30, 31, 32], [33, 34, 35, 36], [37, 38, 39, 40, 41], [42, 43, 44, 45, 46], [47, 48, 49], [50, 51, 52, 53], [54, 55, 56], [57, 58, 59, 60], [61, 62, 63, 64], [65, 66, 67], [68, 69, 70, 71, 72], [73, 74, 75, 76], [77, 78, 79, 80, 81], [82, 83, 84], [85, 86, 87, 88, 89], [90, 91, 92, 93], [94, 95, 96, 97], [98, 99, 100], [101, 102, 103, 104, 105], [106, 107, 108], [109, 110, 111, 112, 113], [114, 115, 116], [117, 118, 119, 120], [121, 122, 123], [124, 125, 126, 127, 128], [129, 130, 131, 132, 133], [134, 135, 136, 137, 138], [139, 140, 141, 142, 143], [144, 145, 146, 147], [148, 149, 150, 151, 152], [153, 154, 155, 156], [157, 158, 159], [160, 161, 162, 163], [164, 165, 166, 167], [168, 169, 170, 171], [172, 173, 174], [175, 176, 177, 178, 179], [180, 181, 182, 183, 184], [185, 186, 187, 188, 189], [190, 191, 192, 193, 194], [195, 196, 197, 198], [199, 200]]",49,172,3.0635292570000003,3218,27.026578642,,86,1609
Block=4_Prob=1_n=30_nsets=200,"Vector{T} where T[[1, 2, 3], [4, 5, 6], [7, 8, 9, 10, 11], [12, 13, 14], [15, 16, 17], [18, 19, 20, 21], [22, 23, 24, 25], [26, 27, 28, 29], [30, 31, 32, 33, 34], [35, 36, 37], [38, 39, 40], [41, 42, 43], [44, 45, 46, 47], [48, 49, 50], [51, 52, 53], [54, 55, 56, 57, 58], [59, 60, 61, 62, 63], [64, 65, 66, 67], [68, 69, 70, 71, 72], [73, 74, 75], [76, 77, 78, 79, 80], [81, 82, 83, 84], [85, 86, 87, 88], [89, 90, 91, 92], [93, 94, 95], [96, 97, 98], [99, 100, 101], [102, 103, 104, 105], [106, 107, 108, 109], [110, 111, 112, 113, 114], [115, 116, 117, 118, 119], [120, 121, 122, 123, 124], [125, 126, 127, 128, 129], [130, 131, 132], [133, 134, 135, 136], [137, 138, 139], [140, 141, 142, 143], [144, 145, 146, 147], [148, 149, 150, 151, 152], [153, 154, 155, 156, 157], [158, 159, 160, 161, 162], [163, 164, 165, 166, 167], [168, 169, 170], [171, 172, 173, 174], [175, 176, 177], [178, 179, 180], [181, 182, 183], [184, 185, 186, 187, 188], [189, 190, 191, 192], [193, 194, 195], [196, 197, 198], [199, 200]]",52,100,1.8727710296666669,11684,13.833690147,,50,5842
Block=4_Prob=2_n=30_nsets=200,"Vector{T} where T[[1, 2, 3], [4, 5, 6], [7, 8, 9, 10, 11], [12, 13, 14], [15, 16, 17], [18, 19, 20, 21], [22, 23, 24, 25], [26, 27, 28, 29], [30, 31, 32, 33, 34], [35, 36, 37], [38, 39, 40], [41, 42, 43], [44, 45, 46, 47], [48, 49, 50], [51, 52, 53], [54, 55, 56, 57, 58], [59, 60, 61, 62, 63], [64, 65, 66, 67], [68, 69, 70, 71, 72], [73, 74, 75], [76, 77, 78, 79, 80], [81, 82, 83, 84], [85, 86, 87, 88], [89, 90, 91, 92], [93, 94, 95], [96, 97, 98], [99, 100, 101], [102, 103, 104, 105], [106, 107, 108, 109], [110, 111, 112, 113, 114], [115, 116, 117, 118, 119], [120, 121, 122, 123, 124], [125, 126, 127, 128, 129], [130, 131, 132], [133, 134, 135, 136], [137, 138, 139], [140, 141, 142, 143], [144, 145, 146, 147], [148, 149, 150, 151, 152], [153, 154, 155, 156, 157], [158, 159, 160, 161, 162], [163, 164, 165, 166, 167], [168, 169, 170], [171, 172, 173, 174], [175, 176, 177], [178, 179, 180], [181, 182, 183], [184, 185, 186, 187, 188], [189, 190, 191, 192], [193, 194, 195], [196, 197, 198], [199, 200]]",52,194,2.63232604,7056,33.961218292000005,,97,3528
Block=5_Prob=1_n=30_nsets=200,"Vector{T} where T[[1, 2, 3, 4, 5], [6, 7, 8, 9, 10], [11, 12, 13, 14, 15], [16, 17, 18, 19, 20], [21, 22, 23], [24, 25, 26, 27], [28, 29, 30, 31], [32, 33, 34, 35, 36], [37, 38, 39, 40], [41, 42, 43], [44, 45, 46, 47, 48], [49, 50, 51], [52, 53, 54], [55, 56, 57, 58, 59], [60, 61, 62], [63, 64, 65, 66, 67], [68, 69, 70, 71], [72, 73, 74, 75, 76], [77, 78, 79, 80, 81], [82, 83, 84], [85, 86, 87, 88], [89, 90, 91, 92], [93, 94, 95], [96, 97, 98], [99, 100, 101], [102, 103, 104], [105, 106, 107, 108], [109, 110, 111], [112, 113, 114, 115, 116], [117, 118, 119, 120], [121, 122, 123], [124, 125, 126, 127, 128], [129, 130, 131, 132], [133, 134, 135], [136, 137, 138, 139], [140, 141, 142, 143], [144, 145, 146, 147], [148, 149, 150, 151, 152], [153, 154, 155, 156, 157], [158, 159, 160], [161, 162, 163, 164], [165, 166, 167], [168, 169, 170], [171, 172, 173, 174, 175], [176, 177, 178, 179], [180, 181, 182, 183, 184], [185, 186, 187, 188, 189], [190, 191, 192, 193], [194, 195, 196, 197, 198], [199, 200]]",50,262,2.4042134903333334,4882,40.517906002000004,,131,2441
Block=5_Prob=2_n=30_nsets=200,"Vector{T} where T[[1, 2, 3, 4, 5], [6, 7, 8, 9, 10], [11, 12, 13, 14, 15], [16, 17, 18, 19, 20], [21, 22, 23], [24, 25, 26, 27], [28, 29, 30, 31], [32, 33, 34, 35, 36], [37, 38, 39, 40], [41, 42, 43], [44, 45, 46, 47, 48], [49, 50, 51], [52, 53, 54], [55, 56, 57, 58, 59], [60, 61, 62], [63, 64, 65, 66, 67], [68, 69, 70, 71], [72, 73, 74, 75, 76], [77, 78, 79, 80, 81], [82, 83, 84], [85, 86, 87, 88], [89, 90, 91, 92], [93, 94, 95], [96, 97, 98], [99, 100, 101], [102, 103, 104], [105, 106, 107, 108], [109, 110, 111], [112, 113, 114, 115, 116], [117, 118, 119, 120], [121, 122, 123], [124, 125, 126, 127, 128], [129, 130, 131, 132], [133, 134, 135], [136, 137, 138, 139], [140, 141, 142, 143], [144, 145, 146, 147], [148, 149, 150, 151, 152], [153, 154, 155, 156, 157], [158, 159, 160], [161, 162, 163, 164], [165, 166, 167], [168, 169, 170], [171, 172, 173, 174, 175], [176, 177, 178, 179], [180, 181, 182, 183, 184], [185, 186, 187, 188, 189], [190, 191, 192, 193], [194, 195, 196, 197, 198], [199, 200]]",50,360,2.6358198610000003,13068,16.555858878000002,,180,6534
Block=1_Prob=1_n=30_nsets=400,"Vector{T} where T[[1, 2, 3, 4], [5, 6, 7, 8, 9], [10, 11, 12], [13, 14, 15], [16, 17, 18], [19, 20, 21, 22, 23], [24, 25, 26, 27, 28], [29, 30, 31], [32, 33, 34, 35, 36], [37, 38, 39], [40, 41, 42, 43], [44, 45, 46, 47, 48], [49, 50, 51], [52, 53, 54, 55], [56, 57, 58], [59, 60, 61, 62, 63], [64, 65, 66, 67], [68, 69, 70, 71, 72], [73, 74, 75, 76, 77], [78, 79, 80, 81, 82], [83, 84, 85, 86], [87, 88, 89, 90, 91], [92, 93, 94, 95], [96, 97, 98, 99, 100], [101, 102, 103, 104], [105, 106, 107, 108, 109], [110, 111, 112, 113], [114, 115, 116], [117, 118, 119, 120, 121], [122, 123, 124], [125, 126, 127], [128, 129, 130, 131, 132], [133, 134, 135], [136, 137, 138, 139, 140], [141, 142, 143], [144, 145, 146, 147], [148, 149, 150, 151], [152, 153, 154, 155], [156, 157, 158], [159, 160, 161, 162], [163, 164, 165], [166, 167, 168, 169, 170], [171, 172, 173, 174, 175], [176, 177, 178, 179], [180, 181, 182, 183], [184, 185, 186, 187], [188, 189, 190, 191, 192], [193, 194, 195, 196, 197], [198, 199, 200], [201, 202, 203, 204, 205], [206, 207, 208, 209, 210], [211, 212, 213], [214, 215, 216, 217, 218], [219, 220, 221, 222], [223, 224, 225], [226, 227, 228, 229], [230, 231, 232, 233, 234], [235, 236, 237, 238, 239], [240, 241, 242], [243, 244, 245, 246, 247], [248, 249, 250, 251, 252], [253, 254, 255, 256], [257, 258, 259, 260, 261], [262, 263, 264, 265], [266, 267, 268], [269, 270, 271, 272, 273], [274, 275, 276, 277], [278, 279, 280, 281], [282, 283, 284, 285], [286, 287, 288, 289, 290], [291, 292, 293], [294, 295, 296, 297, 298], [299, 300, 301, 302], [303, 304, 305, 306, 307], [308, 309, 310, 311, 312], [313, 314, 315, 316, 317], [318, 319, 320, 321, 322], [323, 324, 325, 326, 327], [328, 329, 330, 331, 332], [333, 334, 335, 336, 337], [338, 339, 340], [341, 342, 343], [344, 345, 346, 347], [348, 349, 350], [351, 352, 353, 354], [355, 356, 357], [358, 359, 360, 361, 362], [363, 364, 365, 366], [367, 368, 369, 370], [371, 372, 373], [374, 375, 376], [377, 378, 379, 380], [381, 382, 383, 384, 385], [386, 387, 388, 389, 390], [391, 392, 393], [394, 395, 396, 397], [398, 399, 400]]",97,424,5.298895069,9566,37.793849625,,212,4783
Block=1_Prob=2_n=30_nsets=400,"Vector{T} where T[[1, 2, 3, 4], [5, 6, 7, 8, 9], [10, 11, 12], [13, 14, 15], [16, 17, 18], [19, 20, 21, 22, 23], [24, 25, 26, 27, 28], [29, 30, 31], [32, 33, 34, 35, 36], [37, 38, 39], [40, 41, 42, 43], [44, 45, 46, 47, 48], [49, 50, 51], [52, 53, 54, 55], [56, 57, 58], [59, 60, 61, 62, 63], [64, 65, 66, 67], [68, 69, 70, 71, 72], [73, 74, 75, 76, 77], [78, 79, 80, 81, 82], [83, 84, 85, 86], [87, 88, 89, 90, 91], [92, 93, 94, 95], [96, 97, 98, 99, 100], [101, 102, 103, 104], [105, 106, 107, 108, 109], [110, 111, 112, 113], [114, 115, 116], [117, 118, 119, 120, 121], [122, 123, 124], [125, 126, 127], [128, 129, 130, 131, 132], [133, 134, 135], [136, 137, 138, 139, 140], [141, 142, 143], [144, 145, 146, 147], [148, 149, 150, 151], [152, 153, 154, 155], [156, 157, 158], [159, 160, 161, 162], [163, 164, 165], [166, 167, 168, 169, 170], [171, 172, 173, 174, 175], [176, 177, 178, 179], [180, 181, 182, 183], [184, 185, 186, 187], [188, 189, 190, 191, 192], [193, 194, 195, 196, 197], [198, 199, 200], [201, 202, 203, 204, 205], [206, 207, 208, 209, 210], [211, 212, 213], [214, 215, 216, 217, 218], [219, 220, 221, 222], [223, 224, 225], [226, 227, 228, 229], [230, 231, 232, 233, 234], [235, 236, 237, 238, 239], [240, 241, 242], [243, 244, 245, 246, 247], [248, 249, 250, 251, 252], [253, 254, 255, 256], [257, 258, 259, 260, 261], [262, 263, 264, 265], [266, 267, 268], [269, 270, 271, 272, 273], [274, 275, 276, 277], [278, 279, 280, 281], [282, 283, 284, 285], [286, 287, 288, 289, 290], [291, 292, 293], [294, 295, 296, 297, 298], [299, 300, 301, 302], [303, 304, 305, 306, 307], [308, 309, 310, 311, 312], [313, 314, 315, 316, 317], [318, 319, 320, 321, 322], [323, 324, 325, 326, 327], [328, 329, 330, 331, 332], [333, 334, 335, 336, 337], [338, 339, 340], [341, 342, 343], [344, 345, 346, 347], [348, 349, 350], [351, 352, 353, 354], [355, 356, 357], [358, 359, 360, 361, 362], [363, 364, 365, 366], [367, 368, 369, 370], [371, 372, 373], [374, 375, 376], [377, 378, 379, 380], [381, 382, 383, 384, 385], [386, 387, 388, 389, 390], [391, 392, 393], [394, 395, 396, 397], [398, 399, 400]]",97,332,5.671965567,6136,66.483683154,,166,3068
Block=2_Prob=1_n=30_nsets=400,"Vector{T} where T[[1, 2, 3, 4, 5], [6, 7, 8, 9], [10, 11, 12], [13, 14, 15], [16, 17, 18, 19], [20, 21, 22, 23, 24], [25, 26, 27, 28], [29, 30, 31, 32], [33, 34, 35, 36], [37, 38, 39, 40, 41], [42, 43, 44, 45, 46], [47, 48, 49], [50, 51, 52, 53], [54, 55, 56], [57, 58, 59, 60], [61, 62, 63, 64], [65, 66, 67], [68, 69, 70, 71, 72], [73, 74, 75, 76], [77, 78, 79, 80, 81], [82, 83, 84], [85, 86, 87, 88, 89], [90, 91, 92, 93], [94, 95, 96, 97], [98, 99, 100], [101, 102, 103, 104, 105], [106, 107, 108], [109, 110, 111, 112, 113], [114, 115, 116], [117, 118, 119, 120], [121, 122, 123], [124, 125, 126, 127, 128], [129, 130, 131, 132, 133], [134, 135, 136, 137, 138], [139, 140, 141, 142, 143], [144, 145, 146, 147], [148, 149, 150, 151, 152], [153, 154, 155, 156], [157, 158, 159], [160, 161, 162, 163], [164, 165, 166, 167], [168, 169, 170, 171], [172, 173, 174], [175, 176, 177, 178, 179], [180, 181, 182, 183, 184], [185, 186, 187, 188, 189], [190, 191, 192, 193, 194], [195, 196, 197, 198], [199, 200, 201, 202], [203, 204, 205], [206, 207, 208], [209, 210, 211, 212, 213], [214, 215, 216], [217, 218, 219], [220, 221, 222, 223], [224, 225, 226, 227], [228, 229, 230, 231], [232, 233, 234, 235, 236], [237, 238, 239], [240, 241, 242], [243, 244, 245], [246, 247, 248, 249], [250, 251, 252], [253, 254, 255], [256, 257, 258, 259, 260], [261, 262, 263, 264, 265], [266, 267, 268, 269], [270, 271, 272, 273, 274], [275, 276, 277], [278, 279, 280, 281, 282], [283, 284, 285, 286], [287, 288, 289, 290], [291, 292, 293, 294], [295, 296, 297], [298, 299, 300], [301, 302, 303], [304, 305, 306, 307], [308, 309, 310, 311], [312, 313, 314, 315, 316], [317, 318, 319, 320, 321], [322, 323, 324, 325, 326], [327, 328, 329, 330, 331], [332, 333, 334], [335, 336, 337, 338], [339, 340, 341], [342, 343, 344, 345], [346, 347, 348, 349], [350, 351, 352, 353, 354], [355, 356, 357, 358, 359], [360, 361, 362, 363, 364], [365, 366, 367, 368, 369], [370, 371, 372], [373, 374, 375, 376], [377, 378, 379], [380, 381, 382], [383, 384, 385], [386, 387, 388, 389, 390], [391, 392, 393, 394], [395, 396, 397], [398, 399, 400]]",100,258,6.681521739000001,9340,39.991978524000004,,129,4670
Block=2_Prob=2_n=30_nsets=400,"Vector{T} where T[[1, 2, 3, 4, 5], [6, 7, 8, 9], [10, 11, 12], [13, 14, 15], [16, 17, 18, 19], [20, 21, 22, 23, 24], [25, 26, 27, 28], [29, 30, 31, 32], [33, 34, 35, 36], [37, 38, 39, 40, 41], [42, 43, 44, 45, 46], [47, 48, 49], [50, 51, 52, 53], [54, 55, 56], [57, 58, 59, 60], [61, 62, 63, 64], [65, 66, 67], [68, 69, 70, 71, 72], [73, 74, 75, 76], [77, 78, 79, 80, 81], [82, 83, 84], [85, 86, 87, 88, 89], [90, 91, 92, 93], [94, 95, 96, 97], [98, 99, 100], [101, 102, 103, 104, 105], [106, 107, 108], [109, 110, 111, 112, 113], [114, 115, 116], [117, 118, 119, 120], [121, 122, 123], [124, 125, 126, 127, 128], [129, 130, 131, 132, 133], [134, 135, 136, 137, 138], [139, 140, 141, 142, 143], [144, 145, 146, 147], [148, 149, 150, 151, 152], [153, 154, 155, 156], [157, 158, 159], [160, 161, 162, 163], [164, 165, 166, 167], [168, 169, 170, 171], [172, 173, 174], [175, 176, 177, 178, 179], [180, 181, 182, 183, 184], [185, 186, 187, 188, 189], [190, 191, 192, 193, 194], [195, 196, 197, 198], [199, 200, 201, 202], [203, 204, 205], [206, 207, 208], [209, 210, 211, 212, 213], [214, 215, 216], [217, 218, 219], [220, 221, 222, 223], [224, 225, 226, 227], [228, 229, 230, 231], [232, 233, 234, 235, 236], [237, 238, 239], [240, 241, 242], [243, 244, 245], [246, 247, 248, 249], [250, 251, 252], [253, 254, 255], [256, 257, 258, 259, 260], [261, 262, 263, 264, 265], [266, 267, 268, 269], [270, 271, 272, 273, 274], [275, 276, 277], [278, 279, 280, 281, 282], [283, 284, 285, 286], [287, 288, 289, 290], [291, 292, 293, 294], [295, 296, 297], [298, 299, 300], [301, 302, 303], [304, 305, 306, 307], [308, 309, 310, 311], [312, 313, 314, 315, 316], [317, 318, 319, 320, 321], [322, 323, 324, 325, 326], [327, 328, 329, 330, 331], [332, 333, 334], [335, 336, 337, 338], [339, 340, 341], [342, 343, 344, 345], [346, 347, 348, 349], [350, 351, 352, 353, 354], [355, 356, 357, 358, 359], [360, 361, 362, 363, 364], [365, 366, 367, 368, 369], [370, 371, 372], [373, 374, 375, 376], [377, 378, 379], [380, 381, 382], [383, 384, 385], [386, 387, 388, 389, 390], [391, 392, 393, 394], [395, 396, 397], [398, 399, 400]]",100,356,7.817205324000001,17376,109.521395541,,178,8688
Block=3_Prob=1_n=30_nsets=400,"Vector{T} where T[[1, 2, 3], [4, 5, 6, 7, 8], [9, 10, 11, 12, 13], [14, 15, 16, 17, 18], [19, 20, 21, 22, 23], [24, 25, 26], [27, 28, 29, 30], [31, 32, 33, 34], [35, 36, 37, 38, 39], [40, 41, 42, 43], [44, 45, 46], [47, 48, 49, 50, 51], [52, 53, 54], [55, 56, 57], [58, 59, 60, 61, 62], [63, 64, 65], [66, 67, 68, 69, 70], [71, 72, 73, 74], [75, 76, 77, 78, 79], [80, 81, 82, 83, 84], [85, 86, 87], [88, 89, 90, 91], [92, 93, 94, 95], [96, 97, 98], [99, 100, 101], [102, 103, 104], [105, 106, 107], [108, 109, 110, 111], [112, 113, 114], [115, 116, 117, 118, 119], [120, 121, 122, 123], [124, 125, 126], [127, 128, 129, 130, 131], [132, 133, 134, 135], [136, 137, 138], [139, 140, 141, 142], [143, 144, 145, 146], [147, 148, 149, 150], [151, 152, 153, 154, 155], [156, 157, 158, 159, 160], [161, 162, 163], [164, 165, 166, 167], [168, 169, 170], [171, 172, 173], [174, 175, 176, 177, 178], [179, 180, 181, 182], [183, 184, 185, 186, 187], [188, 189, 190, 191, 192], [193, 194, 195, 196], [197, 198, 199, 200, 201], [202, 203, 204, 205, 206], [207, 208, 209, 210], [211, 212, 213, 214], [215, 216, 217], [218, 219, 220, 221], [222, 223, 224, 225], [226, 227, 228, 229, 230], [231, 232, 233, 234, 235], [236, 237, 238], [239, 240, 241, 242], [243, 244, 245, 246], [247, 248, 249, 250], [251, 252, 253], [254, 255, 256, 257, 258], [259, 260, 261, 262, 263], [264, 265, 266], [267, 268, 269, 270], [271, 272, 273], [274, 275, 276], [277, 278, 279, 280, 281], [282, 283, 284, 285, 286], [287, 288, 289, 290, 291], [292, 293, 294], [295, 296, 297, 298, 299], [300, 301, 302, 303, 304], [305, 306, 307, 308, 309], [310, 311, 312, 313], [314, 315, 316, 317], [318, 319, 320], [321, 322, 323, 324, 325], [326, 327, 328], [329, 330, 331, 332, 333], [334, 335, 336, 337], [338, 339, 340, 341], [342, 343, 344, 345], [346, 347, 348], [349, 350, 351, 352], [353, 354, 355, 356], [357, 358, 359, 360], [361, 362, 363, 364, 365], [366, 367, 368], [369, 370, 371], [372, 373, 374], [375, 376, 377], [378, 379, 380], [381, 382, 383, 384], [385, 386, 387, 388, 389], [390, 391, 392], [393, 394, 395, 396], [397, 398, 399, 400]]",100,166,4.750297719000001,10816,26.518718653,,83,5408
Block=3_Prob=2_n=30_nsets=400,"Vector{T} where T[[1, 2, 3], [4, 5, 6, 7, 8], [9, 10, 11, 12, 13], [14, 15, 16, 17, 18], [19, 20, 21, 22, 23], [24, 25, 26], [27, 28, 29, 30], [31, 32, 33, 34], [35, 36, 37, 38, 39], [40, 41, 42, 43], [44, 45, 46], [47, 48, 49, 50, 51], [52, 53, 54], [55, 56, 57], [58, 59, 60, 61, 62], [63, 64, 65], [66, 67, 68, 69, 70], [71, 72, 73, 74], [75, 76, 77, 78, 79], [80, 81, 82, 83, 84], [85, 86, 87], [88, 89, 90, 91], [92, 93, 94, 95], [96, 97, 98], [99, 100, 101], [102, 103, 104], [105, 106, 107], [108, 109, 110, 111], [112, 113, 114], [115, 116, 117, 118, 119], [120, 121, 122, 123], [124, 125, 126], [127, 128, 129, 130, 131], [132, 133, 134, 135], [136, 137, 138], [139, 140, 141, 142], [143, 144, 145, 146], [147, 148, 149, 150], [151, 152, 153, 154, 155], [156, 157, 158, 159, 160], [161, 162, 163], [164, 165, 166, 167], [168, 169, 170], [171, 172, 173], [174, 175, 176, 177, 178], [179, 180, 181, 182], [183, 184, 185, 186, 187], [188, 189, 190, 191, 192], [193, 194, 195, 196], [197, 198, 199, 200, 201], [202, 203, 204, 205, 206], [207, 208, 209, 210], [211, 212, 213, 214], [215, 216, 217], [218, 219, 220, 221], [222, 223, 224, 225], [226, 227, 228, 229, 230], [231, 232, 233, 234, 235], [236, 237, 238], [239, 240, 241, 242], [243, 244, 245, 246], [247, 248, 249, 250], [251, 252, 253], [254, 255, 256, 257, 258], [259, 260, 261, 262, 263], [264, 265, 266], [267, 268, 269, 270], [271, 272, 273], [274, 275, 276], [277, 278, 279, 280, 281], [282, 283, 284, 285, 286], [287, 288, 289, 290, 291], [292, 293, 294], [295, 296, 297, 298, 299], [300, 301, 302, 303, 304], [305, 306, 307, 308, 309], [310, 311, 312, 313], [314, 315, 316, 317], [318, 319, 320], [321, 322, 323, 324, 325], [326, 327, 328], [329, 330, 331, 332, 333], [334, 335, 336, 337], [338, 339, 340, 341], [342, 343, 344, 345], [346, 347, 348], [349, 350, 351, 352], [353, 354, 355, 356], [357, 358, 359, 360], [361, 362, 363, 364, 365], [366, 367, 368], [369, 370, 371], [372, 373, 374], [375, 376, 377], [378, 379, 380], [381, 382, 383, 384], [385, 386, 387, 388, 389], [390, 391, 392], [393, 394, 395, 396], [397, 398, 399, 400]]",100,408,4.3474740775,14668,27.418056033000003,,204,7334
Block=4_Prob=1_n=30_nsets=400,"Vector{T} where T[[1, 2, 3, 4], [5, 6, 7, 8], [9, 10, 11], [12, 13, 14], [15, 16, 17, 18], [19, 20, 21, 22, 23], [24, 25, 26, 27], [28, 29, 30, 31], [32, 33, 34, 35], [36, 37, 38, 39], [40, 41, 42, 43, 44], [45, 46, 47, 48, 49], [50, 51, 52, 53], [54, 55, 56, 57, 58], [59, 60, 61, 62, 63], [64, 65, 66, 67, 68], [69, 70, 71], [72, 73, 74, 75, 76], [77, 78, 79, 80, 81], [82, 83, 84], [85, 86, 87], [88, 89, 90], [91, 92, 93, 94, 95], [96, 97, 98, 99, 100], [101, 102, 103], [104, 105, 106, 107], [108, 109, 110, 111], [112, 113, 114, 115], [116, 117, 118, 119], [120, 121, 122, 123, 124], [125, 126, 127, 128], [129, 130, 131], [132, 133, 134, 135, 136], [137, 138, 139], [140, 141, 142, 143], [144, 145, 146], [147, 148, 149, 150, 151], [152, 153, 154, 155], [156, 157, 158], [159, 160, 161, 162], [163, 164, 165, 166], [167, 168, 169], [170, 171, 172, 173], [174, 175, 176, 177, 178], [179, 180, 181], [182, 183, 184], [185, 186, 187, 188, 189], [190, 191, 192, 193, 194], [195, 196, 197], [198, 199, 200], [201, 202, 203], [204, 205, 206], [207, 208, 209, 210], [211, 212, 213], [214, 215, 216], [217, 218, 219, 220, 221], [222, 223, 224], [225, 226, 227, 228], [229, 230, 231, 232, 233], [234, 235, 236, 237], [238, 239, 240, 241], [242, 243, 244, 245], [246, 247, 248], [249, 250, 251, 252], [253, 254, 255, 256], [257, 258, 259, 260], [261, 262, 263, 264], [265, 266, 267], [268, 269, 270, 271, 272], [273, 274, 275, 276], [277, 278, 279, 280, 281], [282, 283, 284, 285], [286, 287, 288, 289], [290, 291, 292, 293, 294], [295, 296, 297], [298, 299, 300, 301], [302, 303, 304, 305], [306, 307, 308, 309, 310], [311, 312, 313, 314], [315, 316, 317], [318, 319, 320], [321, 322, 323, 324, 325], [326, 327, 328, 329, 330], [331, 332, 333, 334], [335, 336, 337], [338, 339, 340, 341, 342], [343, 344, 345], [346, 347, 348, 349], [350, 351, 352], [353, 354, 355, 356], [357, 358, 359, 360], [361, 362, 363], [364, 365, 366, 367, 368], [369, 370, 371, 372, 373], [374, 375, 376, 377, 378], [379, 380, 381], [382, 383, 384, 385, 386], [387, 388, 389, 390], [391, 392, 393, 394, 395], [396, 397, 398, 399, 400]]",100,186,5.449568224,4880,35.167269914,,93,2440
Block=4_Prob=2_n=30_nsets=400,"Vector{T} where T[[1, 2, 3, 4], [5, 6, 7, 8], [9, 10, 11], [12, 13, 14], [15, 16, 17, 18], [19, 20, 21, 22, 23], [24, 25, 26, 27], [28, 29, 30, 31], [32, 33, 34, 35], [36, 37, 38, 39], [40, 41, 42, 43, 44], [45, 46, 47, 48, 49], [50, 51, 52, 53], [54, 55, 56, 57, 58], [59, 60, 61, 62, 63], [64, 65, 66, 67, 68], [69, 70, 71], [72, 73, 74, 75, 76], [77, 78, 79, 80, 81], [82, 83, 84], [85, 86, 87], [88, 89, 90], [91, 92, 93, 94, 95], [96, 97, 98, 99, 100], [101, 102, 103], [104, 105, 106, 107], [108, 109, 110, 111], [112, 113, 114, 115], [116, 117, 118, 119], [120, 121, 122, 123, 124], [125, 126, 127, 128], [129, 130, 131], [132, 133, 134, 135, 136], [137, 138, 139], [140, 141, 142, 143], [144, 145, 146], [147, 148, 149, 150, 151], [152, 153, 154, 155], [156, 157, 158], [159, 160, 161, 162], [163, 164, 165, 166], [167, 168, 169], [170, 171, 172, 173], [174, 175, 176, 177, 178], [179, 180, 181], [182, 183, 184], [185, 186, 187, 188, 189], [190, 191, 192, 193, 194], [195, 196, 197], [198, 199, 200], [201, 202, 203], [204, 205, 206], [207, 208, 209, 210], [211, 212, 213], [214, 215, 216], [217, 218, 219, 220, 221], [222, 223, 224], [225, 226, 227, 228], [229, 230, 231, 232, 233], [234, 235, 236, 237], [238, 239, 240, 241], [242, 243, 244, 245], [246, 247, 248], [249, 250, 251, 252], [253, 254, 255, 256], [257, 258, 259, 260], [261, 262, 263, 264], [265, 266, 267], [268, 269, 270, 271, 272], [273, 274, 275, 276], [277, 278, 279, 280, 281], [282, 283, 284, 285], [286, 287, 288, 289], [290, 291, 292, 293, 294], [295, 296, 297], [298, 299, 300, 301], [302, 303, 304, 305], [306, 307, 308, 309, 310], [311, 312, 313, 314], [315, 316, 317], [318, 319, 320], [321, 322, 323, 324, 325], [326, 327, 328, 329, 330], [331, 332, 333, 334], [335, 336, 337], [338, 339, 340, 341, 342], [343, 344, 345], [346, 347, 348, 349], [350, 351, 352], [353, 354, 355, 356], [357, 358, 359, 360], [361, 362, 363], [364, 365, 366, 367, 368], [369, 370, 371, 372, 373], [374, 375, 376, 377, 378], [379, 380, 381], [382, 383, 384, 385, 386], [387, 388, 389, 390], [391, 392, 393, 394, 395], [396, 397, 398, 399, 400]]",100,1052,8.568154339000001,16974,51.14195023600001,,526,8487
Block=5_Prob=1_n=30_nsets=400,"Vector{T} where T[[1, 2, 3, 4], [5, 6, 7, 8, 9], [10, 11, 12, 13], [14, 15, 16, 17], [18, 19, 20, 21, 22], [23, 24, 25, 26, 27], [28, 29, 30, 31], [32, 33, 34], [35, 36, 37], [38, 39, 40, 41, 42], [43, 44, 45], [46, 47, 48, 49, 50], [51, 52, 53], [54, 55, 56, 57, 58], [59, 60, 61, 62], [63, 64, 65], [66, 67, 68], [69, 70, 71, 72, 73], [74, 75, 76, 77, 78], [79, 80, 81, 82, 83], [84, 85, 86, 87, 88], [89, 90, 91], [92, 93, 94], [95, 96, 97, 98, 99], [100, 101, 102, 103, 104], [105, 106, 107, 108], [109, 110, 111], [112, 113, 114, 115], [116, 117, 118, 119], [120, 121, 122], [123, 124, 125, 126, 127], [128, 129, 130], [131, 132, 133], [134, 135, 136, 137, 138], [139, 140, 141, 142], [143, 144, 145, 146, 147], [148, 149, 150, 151], [152, 153, 154], [155, 156, 157, 158, 159], [160, 161, 162, 163], [164, 165, 166, 167], [168, 169, 170, 171], [172, 173, 174], [175, 176, 177], [178, 179, 180, 181, 182], [183, 184, 185, 186, 187], [188, 189, 190, 191, 192], [193, 194, 195, 196], [197, 198, 199, 200, 201], [202, 203, 204, 205, 206], [207, 208, 209], [210, 211, 212], [213, 214, 215, 216, 217], [218, 219, 220, 221], [222, 223, 224, 225], [226, 227, 228, 229, 230], [231, 232, 233, 234], [235, 236, 237, 238], [239, 240, 241, 242, 243], [244, 245, 246], [247, 248, 249], [250, 251, 252, 253], [254, 255, 256], [257, 258, 259], [260, 261, 262, 263], [264, 265, 266], [267, 268, 269, 270], [271, 272, 273], [274, 275, 276, 277, 278], [279, 280, 281], [282, 283, 284], [285, 286, 287, 288], [289, 290, 291], [292, 293, 294, 295, 296], [297, 298, 299], [300, 301, 302, 303, 304], [305, 306, 307], [308, 309, 310, 311, 312], [313, 314, 315, 316], [317, 318, 319, 320], [321, 322, 323, 324], [325, 326, 327], [328, 329, 330], [331, 332, 333, 334], [335, 336, 337, 338, 339], [340, 341, 342], [343, 344, 345], [346, 347, 348, 349], [350, 351, 352, 353], [354, 355, 356, 357, 358], [359, 360, 361, 362, 363], [364, 365, 366], [367, 368, 369, 370, 371], [372, 373, 374], [375, 376, 377, 378], [379, 380, 381, 382], [383, 384, 385, 386, 387], [388, 389, 390], [391, 392, 393, 394, 395], [396, 397, 398, 399, 400]]",100,376,5.054587046,11280,39.096798176,,188,5640
Block=5_Prob=2_n=30_nsets=400,"Vector{T} where T[[1, 2, 3, 4], [5, 6, 7, 8, 9], [10, 11, 12, 13], [14, 15, 16, 17], [18, 19, 20, 21, 22], [23, 24, 25, 26, 27], [28, 29, 30, 31], [32, 33, 34], [35, 36, 37], [38, 39, 40, 41, 42], [43, 44, 45], [46, 47, 48, 49, 50], [51, 52, 53], [54, 55, 56, 57, 58], [59, 60, 61, 62], [63, 64, 65], [66, 67, 68], [69, 70, 71, 72, 73], [74, 75, 76, 77, 78], [79, 80, 81, 82, 83], [84, 85, 86, 87, 88], [89, 90, 91], [92, 93, 94], [95, 96, 97, 98, 99], [100, 101, 102, 103, 104], [105, 106, 107, 108], [109, 110, 111], [112, 113, 114, 115], [116, 117, 118, 119], [120, 121, 122], [123, 124, 125, 126, 127], [128, 129, 130], [131, 132, 133], [134, 135, 136, 137, 138], [139, 140, 141, 142], [143, 144, 145, 146, 147], [148, 149, 150, 151], [152, 153, 154], [155, 156, 157, 158, 159], [160, 161, 162, 163], [164, 165, 166, 167], [168, 169, 170, 171], [172, 173, 174], [175, 176, 177], [178, 179, 180, 181, 182], [183, 184, 185, 186, 187], [188, 189, 190, 191, 192], [193, 194, 195, 196], [197, 198, 199, 200, 201], [202, 203, 204, 205, 206], [207, 208, 209], [210, 211, 212], [213, 214, 215, 216, 217], [218, 219, 220, 221], [222, 223, 224, 225], [226, 227, 228, 229, 230], [231, 232, 233, 234], [235, 236, 237, 238], [239, 240, 241, 242, 243], [244, 245, 246], [247, 248, 249], [250, 251, 252, 253], [254, 255, 256], [257, 258, 259], [260, 261, 262, 263], [264, 265, 266], [267, 268, 269, 270], [271, 272, 273], [274, 275, 276, 277, 278], [279, 280, 281], [282, 283, 284], [285, 286, 287, 288], [289, 290, 291], [292, 293, 294, 295, 296], [297, 298, 299], [300, 301, 302, 303, 304], [305, 306, 307], [308, 309, 310, 311, 312], [313, 314, 315, 316], [317, 318, 319, 320], [321, 322, 323, 324], [325, 326, 327], [328, 329, 330], [331, 332, 333, 334], [335, 336, 337, 338, 339], [340, 341, 342], [343, 344, 345], [346, 347, 348, 349], [350, 351, 352, 353], [354, 355, 356, 357, 358], [359, 360, 361, 362, 363], [364, 365, 366], [367, 368, 369, 370, 371], [372, 373, 374], [375, 376, 377, 378], [379, 380, 381, 382], [383, 384, 385, 386, 387], [388, 389, 390], [391, 392, 393, 394, 395], [396, 397, 398, 399, 400]]",100,248,5.4793960055,6586,139.31987279400002,,124,3293
Block=1_Prob=1_n=30_nsets=800,"Vector{T} where T[[1, 2, 3, 4], [5, 6, 7, 8, 9], [10, 11, 12], [13, 14, 15], [16, 17, 18], [19, 20, 21, 22, 23], [24, 25, 26, 27, 28], [29, 30, 31], [32, 33, 34, 35, 36], [37, 38, 39], [40, 41, 42, 43], [44, 45, 46, 47, 48], [49, 50, 51], [52, 53, 54, 55], [56, 57, 58], [59, 60, 61, 62, 63], [64, 65, 66, 67], [68, 69, 70, 71, 72], [73, 74, 75, 76, 77], [78, 79, 80, 81, 82], [83, 84, 85, 86], [87, 88, 89, 90, 91], [92, 93, 94, 95], [96, 97, 98, 99, 100], [101, 102, 103, 104], [105, 106, 107, 108, 109], [110, 111, 112, 113], [114, 115, 116], [117, 118, 119, 120, 121], [122, 123, 124], [125, 126, 127], [128, 129, 130, 131, 132], [133, 134, 135], [136, 137, 138, 139, 140], [141, 142, 143], [144, 145, 146, 147], [148, 149, 150, 151], [152, 153, 154, 155], [156, 157, 158], [159, 160, 161, 162], [163, 164, 165], [166, 167, 168, 169, 170], [171, 172, 173, 174, 175], [176, 177, 178, 179], [180, 181, 182, 183], [184, 185, 186, 187], [188, 189, 190, 191, 192], [193, 194, 195, 196, 197], [198, 199, 200], [201, 202, 203, 204, 205], [206, 207, 208, 209, 210], [211, 212, 213], [214, 215, 216, 217, 218], [219, 220, 221, 222], [223, 224, 225], [226, 227, 228, 229], [230, 231, 232, 233, 234], [235, 236, 237, 238, 239], [240, 241, 242], [243, 244, 245, 246, 247], [248, 249, 250, 251, 252], [253, 254, 255, 256], [257, 258, 259, 260, 261], [262, 263, 264, 265], [266, 267, 268], [269, 270, 271, 272, 273], [274, 275, 276, 277], [278, 279, 280, 281], [282, 283, 284, 285], [286, 287, 288, 289, 290], [291, 292, 293], [294, 295, 296, 297, 298], [299, 300, 301, 302], [303, 304, 305, 306, 307], [308, 309, 310, 311, 312], [313, 314, 315, 316, 317], [318, 319, 320, 321, 322], [323, 324, 325, 326, 327], [328, 329, 330, 331, 332], [333, 334, 335, 336, 337], [338, 339, 340], [341, 342, 343], [344, 345, 346, 347], [348, 349, 350], [351, 352, 353, 354], [355, 356, 357], [358, 359, 360, 361, 362], [363, 364, 365, 366], [367, 368, 369, 370], [371, 372, 373], [374, 375, 376], [377, 378, 379, 380], [381, 382, 383, 384, 385], [386, 387, 388, 389, 390], [391, 392, 393], [394, 395, 396, 397], [398, 399, 400, 401], [402, 403, 404, 405, 406], [407, 408, 409, 410], [411, 412, 413], [414, 415, 416], [417, 418, 419, 420], [421, 422, 423, 424, 425], [426, 427, 428, 429], [430, 431, 432, 433], [434, 435, 436, 437], [438, 439, 440, 441, 442], [443, 444, 445, 446, 447], [448, 449, 450], [451, 452, 453, 454], [455, 456, 457], [458, 459, 460, 461], [462, 463, 464, 465], [466, 467, 468], [469, 470, 471, 472, 473], [474, 475, 476, 477], [478, 479, 480, 481, 482], [483, 484, 485], [486, 487, 488, 489, 490], [491, 492, 493, 494], [495, 496, 497, 498], [499, 500, 501], [502, 503, 504, 505, 506], [507, 508, 509], [510, 511, 512, 513, 514], [515, 516, 517], [518, 519, 520, 521], [522, 523, 524], [525, 526, 527, 528, 529], [530, 531, 532, 533, 534], [535, 536, 537, 538, 539], [540, 541, 542, 543, 544], [545, 546, 547, 548], [549, 550, 551, 552, 553], [554, 555, 556, 557], [558, 559, 560], [561, 562, 563, 564], [565, 566, 567, 568], [569, 570, 571, 572], [573, 574, 575], [576, 577, 578, 579, 580], [581, 582, 583, 584, 585], [586, 587, 588, 589, 590], [591, 592, 593, 594, 595], [596, 597, 598, 599], [600, 601, 602, 603], [604, 605, 606], [607, 608, 609], [610, 611, 612, 613, 614], [615, 616, 617], [618, 619, 620], [621, 622, 623, 624], [625, 626, 627, 628], [629, 630, 631, 632], [633, 634, 635, 636, 637], [638, 639, 640], [641, 642, 643], [644, 645, 646], [647, 648, 649, 650], [651, 652, 653], [654, 655, 656], [657, 658, 659, 660, 661], [662, 663, 664, 665, 666], [667, 668, 669, 670], [671, 672, 673, 674, 675], [676, 677, 678], [679, 680, 681, 682, 683], [684, 685, 686, 687], [688, 689, 690, 691], [692, 693, 694, 695], [696, 697, 698], [699, 700, 701], [702, 703, 704], [705, 706, 707, 708], [709, 710, 711, 712], [713, 714, 715, 716, 717], [718, 719, 720, 721, 722], [723, 724, 725, 726, 727], [728, 729, 730, 731, 732], [733, 734, 735], [736, 737, 738, 739], [740, 741, 742], [743, 744, 745, 746], [747, 748, 749, 750], [751, 752, 753, 754, 755], [756, 757, 758, 759, 760], [761, 762, 763, 764, 765], [766, 767, 768, 769, 770], [771, 772, 773], [774, 775, 776, 777], [778, 779, 780], [781, 782, 783], [784, 785, 786], [787, 788, 789, 790, 791], [792, 793, 794, 795], [796, 797, 798], [799, 800]]",197,554,9.938283005,8266,75.657659987,,277,4133
Block=1_Prob=2_n=30_nsets=800,"Vector{T} where T[[1, 2, 3, 4], [5, 6, 7, 8, 9], [10, 11, 12], [13, 14, 15], [16, 17, 18], [19, 20, 21, 22, 23], [24, 25, 26, 27, 28], [29, 30, 31], [32, 33, 34, 35, 36], [37, 38, 39], [40, 41, 42, 43], [44, 45, 46, 47, 48], [49, 50, 51], [52, 53, 54, 55], [56, 57, 58], [59, 60, 61, 62, 63], [64, 65, 66, 67], [68, 69, 70, 71, 72], [73, 74, 75, 76, 77], [78, 79, 80, 81, 82], [83, 84, 85, 86], [87, 88, 89, 90, 91], [92, 93, 94, 95], [96, 97, 98, 99, 100], [101, 102, 103, 104], [105, 106, 107, 108, 109], [110, 111, 112, 113], [114, 115, 116], [117, 118, 119, 120, 121], [122, 123, 124], [125, 126, 127], [128, 129, 130, 131, 132], [133, 134, 135], [136, 137, 138, 139, 140], [141, 142, 143], [144, 145, 146, 147], [148, 149, 150, 151], [152, 153, 154, 155], [156, 157, 158], [159, 160, 161, 162], [163, 164, 165], [166, 167, 168, 169, 170], [171, 172, 173, 174, 175], [176, 177, 178, 179], [180, 181, 182, 183], [184, 185, 186, 187], [188, 189, 190, 191, 192], [193, 194, 195, 196, 197], [198, 199, 200], [201, 202, 203, 204, 205], [206, 207, 208, 209, 210], [211, 212, 213], [214, 215, 216, 217, 218], [219, 220, 221, 222], [223, 224, 225], [226, 227, 228, 229], [230, 231, 232, 233, 234], [235, 236, 237, 238, 239], [240, 241, 242], [243, 244, 245, 246, 247], [248, 249, 250, 251, 252], [253, 254, 255, 256], [257, 258, 259, 260, 261], [262, 263, 264, 265], [266, 267, 268], [269, 270, 271, 272, 273], [274, 275, 276, 277], [278, 279, 280, 281], [282, 283, 284, 285], [286, 287, 288, 289, 290], [291, 292, 293], [294, 295, 296, 297, 298], [299, 300, 301, 302], [303, 304, 305, 306, 307], [308, 309, 310, 311, 312], [313, 314, 315, 316, 317], [318, 319, 320, 321, 322], [323, 324, 325, 326, 327], [328, 329, 330, 331, 332], [333, 334, 335, 336, 337], [338, 339, 340], [341, 342, 343], [344, 345, 346, 347], [348, 349, 350], [351, 352, 353, 354], [355, 356, 357], [358, 359, 360, 361, 362], [363, 364, 365, 366], [367, 368, 369, 370], [371, 372, 373], [374, 375, 376], [377, 378, 379, 380], [381, 382, 383, 384, 385], [386, 387, 388, 389, 390], [391, 392, 393], [394, 395, 396, 397], [398, 399, 400, 401], [402, 403, 404, 405, 406], [407, 408, 409, 410], [411, 412, 413], [414, 415, 416], [417, 418, 419, 420], [421, 422, 423, 424, 425], [426, 427, 428, 429], [430, 431, 432, 433], [434, 435, 436, 437], [438, 439, 440, 441, 442], [443, 444, 445, 446, 447], [448, 449, 450], [451, 452, 453, 454], [455, 456, 457], [458, 459, 460, 461], [462, 463, 464, 465], [466, 467, 468], [469, 470, 471, 472, 473], [474, 475, 476, 477], [478, 479, 480, 481, 482], [483, 484, 485], [486, 487, 488, 489, 490], [491, 492, 493, 494], [495, 496, 497, 498], [499, 500, 501], [502, 503, 504, 505, 506], [507, 508, 509], [510, 511, 512, 513, 514], [515, 516, 517], [518, 519, 520, 521], [522, 523, 524], [525, 526, 527, 528, 529], [530, 531, 532, 533, 534], [535, 536, 537, 538, 539], [540, 541, 542, 543, 544], [545, 546, 547, 548], [549, 550, 551, 552, 553], [554, 555, 556, 557], [558, 559, 560], [561, 562, 563, 564], [565, 566, 567, 568], [569, 570, 571, 572], [573, 574, 575], [576, 577, 578, 579, 580], [581, 582, 583, 584, 585], [586, 587, 588, 589, 590], [591, 592, 593, 594, 595], [596, 597, 598, 599], [600, 601, 602, 603], [604, 605, 606], [607, 608, 609], [610, 611, 612, 613, 614], [615, 616, 617], [618, 619, 620], [621, 622, 623, 624], [625, 626, 627, 628], [629, 630, 631, 632], [633, 634, 635, 636, 637], [638, 639, 640], [641, 642, 643], [644, 645, 646], [647, 648, 649, 650], [651, 652, 653], [654, 655, 656], [657, 658, 659, 660, 661], [662, 663, 664, 665, 666], [667, 668, 669, 670], [671, 672, 673, 674, 675], [676, 677, 678], [679, 680, 681, 682, 683], [684, 685, 686, 687], [688, 689, 690, 691], [692, 693, 694, 695], [696, 697, 698], [699, 700, 701], [702, 703, 704], [705, 706, 707, 708], [709, 710, 711, 712], [713, 714, 715, 716, 717], [718, 719, 720, 721, 722], [723, 724, 725, 726, 727], [728, 729, 730, 731, 732], [733, 734, 735], [736, 737, 738, 739], [740, 741, 742], [743, 744, 745, 746], [747, 748, 749, 750], [751, 752, 753, 754, 755], [756, 757, 758, 759, 760], [761, 762, 763, 764, 765], [766, 767, 768, 769, 770], [771, 772, 773], [774, 775, 776, 777], [778, 779, 780], [781, 782, 783], [784, 785, 786], [787, 788, 789, 790, 791], [792, 793, 794, 795], [796, 797, 798], [799, 800]]",197,258,11.830862588,50000,147.478926433,,129,25000
Block=2_Prob=1_n=30_nsets=800,"Vector{T} where T[[1, 2, 3], [4, 5, 6, 7, 8], [9, 10, 11, 12, 13], [14, 15, 16, 17, 18], [19, 20, 21, 22, 23], [24, 25, 26], [27, 28, 29, 30], [31, 32, 33, 34], [35, 36, 37, 38, 39], [40, 41, 42, 43], [44, 45, 46], [47, 48, 49, 50, 51], [52, 53, 54], [55, 56, 57], [58, 59, 60, 61, 62], [63, 64, 65], [66, 67, 68, 69, 70], [71, 72, 73, 74], [75, 76, 77, 78, 79], [80, 81, 82, 83, 84], [85, 86, 87], [88, 89, 90, 91], [92, 93, 94, 95], [96, 97, 98], [99, 100, 101], [102, 103, 104], [105, 106, 107], [108, 109, 110, 111], [112, 113, 114], [115, 116, 117, 118, 119], [120, 121, 122, 123], [124, 125, 126], [127, 128, 129, 130, 131], [132, 133, 134, 135], [136, 137, 138], [139, 140, 141, 142], [143, 144, 145, 146], [147, 148, 149, 150], [151, 152, 153, 154, 155], [156, 157, 158, 159, 160], [161, 162, 163], [164, 165, 166, 167], [168, 169, 170], [171, 172, 173], [174, 175, 176, 177, 178], [179, 180, 181, 182], [183, 184, 185, 186, 187], [188, 189, 190, 191, 192], [193, 194, 195, 196], [197, 198, 199, 200, 201], [202, 203, 204, 205, 206], [207, 208, 209, 210], [211, 212, 213, 214], [215, 216, 217], [218, 219, 220, 221], [222, 223, 224, 225], [226, 227, 228, 229, 230], [231, 232, 233, 234, 235], [236, 237, 238], [239, 240, 241, 242], [243, 244, 245, 246], [247, 248, 249, 250], [251, 252, 253], [254, 255, 256, 257, 258], [259, 260, 261, 262, 263], [264, 265, 266], [267, 268, 269, 270], [271, 272, 273], [274, 275, 276], [277, 278, 279, 280, 281], [282, 283, 284, 285, 286], [287, 288, 289, 290, 291], [292, 293, 294], [295, 296, 297, 298, 299], [300, 301, 302, 303, 304], [305, 306, 307, 308, 309], [310, 311, 312, 313], [314, 315, 316, 317], [318, 319, 320], [321, 322, 323, 324, 325], [326, 327, 328], [329, 330, 331, 332, 333], [334, 335, 336, 337], [338, 339, 340, 341], [342, 343, 344, 345], [346, 347, 348], [349, 350, 351, 352], [353, 354, 355, 356], [357, 358, 359, 360], [361, 362, 363, 364, 365], [366, 367, 368], [369, 370, 371], [372, 373, 374], [375, 376, 377], [378, 379, 380], [381, 382, 383, 384], [385, 386, 387, 388, 389], [390, 391, 392], [393, 394, 395, 396], [397, 398, 399, 400], [401, 402, 403, 404], [405, 406, 407, 408], [409, 410, 411], [412, 413, 414], [415, 416, 417, 418], [419, 420, 421, 422, 423], [424, 425, 426, 427], [428, 429, 430, 431], [432, 433, 434, 435], [436, 437, 438, 439], [440, 441, 442, 443, 444], [445, 446, 447, 448, 449], [450, 451, 452, 453], [454, 455, 456, 457, 458], [459, 460, 461, 462, 463], [464, 465, 466, 467, 468], [469, 470, 471], [472, 473, 474, 475, 476], [477, 478, 479, 480, 481], [482, 483, 484], [485, 486, 487], [488, 489, 490], [491, 492, 493, 494, 495], [496, 497, 498, 499, 500], [501, 502, 503], [504, 505, 506, 507], [508, 509, 510, 511], [512, 513, 514, 515], [516, 517, 518, 519], [520, 521, 522, 523, 524], [525, 526, 527, 528], [529, 530, 531], [532, 533, 534, 535, 536], [537, 538, 539], [540, 541, 542, 543], [544, 545, 546], [547, 548, 549, 550, 551], [552, 553, 554, 555], [556, 557, 558], [559, 560, 561, 562], [563, 564, 565, 566], [567, 568, 569], [570, 571, 572, 573], [574, 575, 576, 577, 578], [579, 580, 581], [582, 583, 584], [585, 586, 587, 588, 589], [590, 591, 592, 593, 594], [595, 596, 597], [598, 599, 600], [601, 602, 603], [604, 605, 606], [607, 608, 609, 610], [611, 612, 613], [614, 615, 616], [617, 618, 619, 620, 621], [622, 623, 624], [625, 626, 627, 628], [629, 630, 631, 632, 633], [634, 635, 636, 637], [638, 639, 640, 641], [642, 643, 644, 645], [646, 647, 648], [649, 650, 651, 652], [653, 654, 655, 656], [657, 658, 659, 660], [661, 662, 663, 664], [665, 666, 667], [668, 669, 670, 671, 672], [673, 674, 675, 676], [677, 678, 679, 680, 681], [682, 683, 684, 685], [686, 687, 688, 689], [690, 691, 692, 693, 694], [695, 696, 697], [698, 699, 700, 701], [702, 703, 704, 705], [706, 707, 708, 709, 710], [711, 712, 713, 714], [715, 716, 717], [718, 719, 720], [721, 722, 723, 724, 725], [726, 727, 728, 729, 730], [731, 732, 733, 734], [735, 736, 737], [738, 739, 740, 741, 742], [743, 744, 745], [746, 747, 748, 749], [750, 751, 752], [753, 754, 755, 756], [757, 758, 759, 760], [761, 762, 763], [764, 765, 766, 767, 768], [769, 770, 771, 772, 773], [774, 775, 776, 777, 778], [779, 780, 781], [782, 783, 784, 785, 786], [787, 788, 789, 790], [791, 792, 793, 794, 795], [796, 797, 798, 799, 800]]",200,534,12.440452859,26594,174.97374369500002,,267,13297
Block=2_Prob=2_n=30_nsets=800,"Vector{T} where T[[1, 2, 3], [4, 5, 6, 7, 8], [9, 10, 11, 12, 13], [14, 15, 16, 17, 18], [19, 20, 21, 22, 23], [24, 25, 26], [27, 28, 29, 30], [31, 32, 33, 34], [35, 36, 37, 38, 39], [40, 41, 42, 43], [44, 45, 46], [47, 48, 49, 50, 51], [52, 53, 54], [55, 56, 57], [58, 59, 60, 61, 62], [63, 64, 65], [66, 67, 68, 69, 70], [71, 72, 73, 74], [75, 76, 77, 78, 79], [80, 81, 82, 83, 84], [85, 86, 87], [88, 89, 90, 91], [92, 93, 94, 95], [96, 97, 98], [99, 100, 101], [102, 103, 104], [105, 106, 107], [108, 109, 110, 111], [112, 113, 114], [115, 116, 117, 118, 119], [120, 121, 122, 123], [124, 125, 126], [127, 128, 129, 130, 131], [132, 133, 134, 135], [136, 137, 138], [139, 140, 141, 142], [143, 144, 145, 146], [147, 148, 149, 150], [151, 152, 153, 154, 155], [156, 157, 158, 159, 160], [161, 162, 163], [164, 165, 166, 167], [168, 169, 170], [171, 172, 173], [174, 175, 176, 177, 178], [179, 180, 181, 182], [183, 184, 185, 186, 187], [188, 189, 190, 191, 192], [193, 194, 195, 196], [197, 198, 199, 200, 201], [202, 203, 204, 205, 206], [207, 208, 209, 210], [211, 212, 213, 214], [215, 216, 217], [218, 219, 220, 221], [222, 223, 224, 225], [226, 227, 228, 229, 230], [231, 232, 233, 234, 235], [236, 237, 238], [239, 240, 241, 242], [243, 244, 245, 246], [247, 248, 249, 250], [251, 252, 253], [254, 255, 256, 257, 258], [259, 260, 261, 262, 263], [264, 265, 266], [267, 268, 269, 270], [271, 272, 273], [274, 275, 276], [277, 278, 279, 280, 281], [282, 283, 284, 285, 286], [287, 288, 289, 290, 291], [292, 293, 294], [295, 296, 297, 298, 299], [300, 301, 302, 303, 304], [305, 306, 307, 308, 309], [310, 311, 312, 313], [314, 315, 316, 317], [318, 319, 320], [321, 322, 323, 324, 325], [326, 327, 328], [329, 330, 331, 332, 333], [334, 335, 336, 337], [338, 339, 340, 341], [342, 343, 344, 345], [346, 347, 348], [349, 350, 351, 352], [353, 354, 355, 356], [357, 358, 359, 360], [361, 362, 363, 364, 365], [366, 367, 368], [369, 370, 371], [372, 373, 374], [375, 376, 377], [378, 379, 380], [381, 382, 383, 384], [385, 386, 387, 388, 389], [390, 391, 392], [393, 394, 395, 396], [397, 398, 399, 400], [401, 402, 403, 404], [405, 406, 407, 408], [409, 410, 411], [412, 413, 414], [415, 416, 417, 418], [419, 420, 421, 422, 423], [424, 425, 426, 427], [428, 429, 430, 431], [432, 433, 434, 435], [436, 437, 438, 439], [440, 441, 442, 443, 444], [445, 446, 447, 448, 449], [450, 451, 452, 453], [454, 455, 456, 457, 458], [459, 460, 461, 462, 463], [464, 465, 466, 467, 468], [469, 470, 471], [472, 473, 474, 475, 476], [477, 478, 479, 480, 481], [482, 483, 484], [485, 486, 487], [488, 489, 490], [491, 492, 493, 494, 495], [496, 497, 498, 499, 500], [501, 502, 503], [504, 505, 506, 507], [508, 509, 510, 511], [512, 513, 514, 515], [516, 517, 518, 519], [520, 521, 522, 523, 524], [525, 526, 527, 528], [529, 530, 531], [532, 533, 534, 535, 536], [537, 538, 539], [540, 541, 542, 543], [544, 545, 546], [547, 548, 549, 550, 551], [552, 553, 554, 555], [556, 557, 558], [559, 560, 561, 562], [563, 564, 565, 566], [567, 568, 569], [570, 571, 572, 573], [574, 575, 576, 577, 578], [579, 580, 581], [582, 583, 584], [585, 586, 587, 588, 589], [590, 591, 592, 593, 594], [595, 596, 597], [598, 599, 600], [601, 602, 603], [604, 605, 606], [607, 608, 609, 610], [611, 612, 613], [614, 615, 616], [617, 618, 619, 620, 621], [622, 623, 624], [625, 626, 627, 628], [629, 630, 631, 632, 633], [634, 635, 636, 637], [638, 639, 640, 641], [642, 643, 644, 645], [646, 647, 648], [649, 650, 651, 652], [653, 654, 655, 656], [657, 658, 659, 660], [661, 662, 663, 664], [665, 666, 667], [668, 669, 670, 671, 672], [673, 674, 675, 676], [677, 678, 679, 680, 681], [682, 683, 684, 685], [686, 687, 688, 689], [690, 691, 692, 693, 694], [695, 696, 697], [698, 699, 700, 701], [702, 703, 704, 705], [706, 707, 708, 709, 710], [711, 712, 713, 714], [715, 716, 717], [718, 719, 720], [721, 722, 723, 724, 725], [726, 727, 728, 729, 730], [731, 732, 733, 734], [735, 736, 737], [738, 739, 740, 741, 742], [743, 744, 745], [746, 747, 748, 749], [750, 751, 752], [753, 754, 755, 756], [757, 758, 759, 760], [761, 762, 763], [764, 765, 766, 767, 768], [769, 770, 771, 772, 773], [774, 775, 776, 777, 778], [779, 780, 781], [782, 783, 784, 785, 786], [787, 788, 789, 790], [791, 792, 793, 794, 795], [796, 797, 798, 799, 800]]",200,200,16.652269897,35452,169.423737159,,100,17726
Block=3_Prob=1_n=30_nsets=800,"Vector{T} where T[[1, 2, 3, 4], [5, 6, 7, 8, 9], [10, 11, 12, 13], [14, 15, 16, 17], [18, 19, 20, 21, 22], [23, 24, 25, 26, 27], [28, 29, 30, 31], [32, 33, 34], [35, 36, 37], [38, 39, 40, 41, 42], [43, 44, 45], [46, 47, 48, 49, 50], [51, 52, 53], [54, 55, 56, 57, 58], [59, 60, 61, 62], [63, 64, 65], [66, 67, 68], [69, 70, 71, 72, 73], [74, 75, 76, 77, 78], [79, 80, 81, 82, 83], [84, 85, 86, 87, 88], [89, 90, 91], [92, 93, 94], [95, 96, 97, 98, 99], [100, 101, 102, 103, 104], [105, 106, 107, 108], [109, 110, 111], [112, 113, 114, 115], [116, 117, 118, 119], [120, 121, 122], [123, 124, 125, 126, 127], [128, 129, 130], [131, 132, 133], [134, 135, 136, 137, 138], [139, 140, 141, 142], [143, 144, 145, 146, 147], [148, 149, 150, 151], [152, 153, 154], [155, 156, 157, 158, 159], [160, 161, 162, 163], [164, 165, 166, 167], [168, 169, 170, 171], [172, 173, 174], [175, 176, 177], [178, 179, 180, 181, 182], [183, 184, 185, 186, 187], [188, 189, 190, 191, 192], [193, 194, 195, 196], [197, 198, 199, 200, 201], [202, 203, 204, 205, 206], [207, 208, 209], [210, 211, 212], [213, 214, 215, 216, 217], [218, 219, 220, 221], [222, 223, 224, 225], [226, 227, 228, 229, 230], [231, 232, 233, 234], [235, 236, 237, 238], [239, 240, 241, 242, 243], [244, 245, 246], [247, 248, 249], [250, 251, 252, 253], [254, 255, 256], [257, 258, 259], [260, 261, 262, 263], [264, 265, 266], [267, 268, 269, 270], [271, 272, 273], [274, 275, 276, 277, 278], [279, 280, 281], [282, 283, 284], [285, 286, 287, 288], [289, 290, 291], [292, 293, 294, 295, 296], [297, 298, 299], [300, 301, 302, 303, 304], [305, 306, 307], [308, 309, 310, 311, 312], [313, 314, 315, 316], [317, 318, 319, 320], [321, 322, 323, 324], [325, 326, 327], [328, 329, 330], [331, 332, 333, 334], [335, 336, 337, 338, 339], [340, 341, 342], [343, 344, 345], [346, 347, 348, 349], [350, 351, 352, 353], [354, 355, 356, 357, 358], [359, 360, 361, 362, 363], [364, 365, 366], [367, 368, 369, 370, 371], [372, 373, 374], [375, 376, 377, 378], [379, 380, 381, 382], [383, 384, 385, 386, 387], [388, 389, 390], [391, 392, 393, 394, 395], [396, 397, 398, 399, 400], [401, 402, 403], [404, 405, 406, 407, 408], [409, 410, 411, 412], [413, 414, 415], [416, 417, 418, 419], [420, 421, 422], [423, 424, 425, 426, 427], [428, 429, 430], [431, 432, 433, 434], [435, 436, 437], [438, 439, 440, 441], [442, 443, 444], [445, 446, 447, 448], [449, 450, 451, 452], [453, 454, 455], [456, 457, 458, 459], [460, 461, 462, 463, 464], [465, 466, 467], [468, 469, 470, 471, 472], [473, 474, 475, 476], [477, 478, 479, 480, 481], [482, 483, 484, 485], [486, 487, 488, 489, 490], [491, 492, 493], [494, 495, 496, 497, 498], [499, 500, 501, 502, 503], [504, 505, 506], [507, 508, 509], [510, 511, 512, 513, 514], [515, 516, 517], [518, 519, 520], [521, 522, 523, 524], [525, 526, 527], [528, 529, 530, 531], [532, 533, 534, 535, 536], [537, 538, 539, 540], [541, 542, 543], [544, 545, 546, 547, 548], [549, 550, 551, 552, 553], [554, 555, 556, 557, 558], [559, 560, 561], [562, 563, 564, 565], [566, 567, 568, 569], [570, 571, 572, 573, 574], [575, 576, 577, 578], [579, 580, 581, 582, 583], [584, 585, 586], [587, 588, 589], [590, 591, 592], [593, 594, 595, 596], [597, 598, 599], [600, 601, 602, 603, 604], [605, 606, 607, 608], [609, 610, 611], [612, 613, 614, 615], [616, 617, 618, 619], [620, 621, 622, 623, 624], [625, 626, 627], [628, 629, 630], [631, 632, 633, 634], [635, 636, 637, 638], [639, 640, 641, 642], [643, 644, 645], [646, 647, 648, 649, 650], [651, 652, 653, 654, 655], [656, 657, 658, 659, 660], [661, 662, 663, 664], [665, 666, 667], [668, 669, 670, 671], [672, 673, 674, 675], [676, 677, 678, 679], [680, 681, 682, 683], [684, 685, 686, 687, 688], [689, 690, 691, 692], [693, 694, 695, 696], [697, 698, 699, 700, 701], [702, 703, 704, 705], [706, 707, 708, 709], [710, 711, 712], [713, 714, 715, 716], [717, 718, 719, 720], [721, 722, 723], [724, 725, 726, 727, 728], [729, 730, 731, 732, 733], [734, 735, 736, 737], [738, 739, 740], [741, 742, 743, 744, 745], [746, 747, 748, 749], [750, 751, 752, 753, 754], [755, 756, 757], [758, 759, 760, 761, 762], [763, 764, 765, 766], [767, 768, 769, 770, 771], [772, 773, 774], [775, 776, 777, 778, 779], [780, 781, 782, 783, 784], [785, 786, 787], [788, 789, 790, 791, 792], [793, 794, 795], [796, 797, 798, 799], [800]]",201,376,10.248333483000001,35240,130.436036395,,188,17620
Block=3_Prob=2_n=30_nsets=800,"Vector{T} where T[[1, 2, 3, 4], [5, 6, 7, 8, 9], [10, 11, 12, 13], [14, 15, 16, 17], [18, 19, 20, 21, 22], [23, 24, 25, 26, 27], [28, 29, 30, 31], [32, 33, 34], [35, 36, 37], [38, 39, 40, 41, 42], [43, 44, 45], [46, 47, 48, 49, 50], [51, 52, 53], [54, 55, 56, 57, 58], [59, 60, 61, 62], [63, 64, 65], [66, 67, 68], [69, 70, 71, 72, 73], [74, 75, 76, 77, 78], [79, 80, 81, 82, 83], [84, 85, 86, 87, 88], [89, 90, 91], [92, 93, 94], [95, 96, 97, 98, 99], [100, 101, 102, 103, 104], [105, 106, 107, 108], [109, 110, 111], [112, 113, 114, 115], [116, 117, 118, 119], [120, 121, 122], [123, 124, 125, 126, 127], [128, 129, 130], [131, 132, 133], [134, 135, 136, 137, 138], [139, 140, 141, 142], [143, 144, 145, 146, 147], [148, 149, 150, 151], [152, 153, 154], [155, 156, 157, 158, 159], [160, 161, 162, 163], [164, 165, 166, 167], [168, 169, 170, 171], [172, 173, 174], [175, 176, 177], [178, 179, 180, 181, 182], [183, 184, 185, 186, 187], [188, 189, 190, 191, 192], [193, 194, 195, 196], [197, 198, 199, 200, 201], [202, 203, 204, 205, 206], [207, 208, 209], [210, 211, 212], [213, 214, 215, 216, 217], [218, 219, 220, 221], [222, 223, 224, 225], [226, 227, 228, 229, 230], [231, 232, 233, 234], [235, 236, 237, 238], [239, 240, 241, 242, 243], [244, 245, 246], [247, 248, 249], [250, 251, 252, 253], [254, 255, 256], [257, 258, 259], [260, 261, 262, 263], [264, 265, 266], [267, 268, 269, 270], [271, 272, 273], [274, 275, 276, 277, 278], [279, 280, 281], [282, 283, 284], [285, 286, 287, 288], [289, 290, 291], [292, 293, 294, 295, 296], [297, 298, 299], [300, 301, 302, 303, 304], [305, 306, 307], [308, 309, 310, 311, 312], [313, 314, 315, 316], [317, 318, 319, 320], [321, 322, 323, 324], [325, 326, 327], [328, 329, 330], [331, 332, 333, 334], [335, 336, 337, 338, 339], [340, 341, 342], [343, 344, 345], [346, 347, 348, 349], [350, 351, 352, 353], [354, 355, 356, 357, 358], [359, 360, 361, 362, 363], [364, 365, 366], [367, 368, 369, 370, 371], [372, 373, 374], [375, 376, 377, 378], [379, 380, 381, 382], [383, 384, 385, 386, 387], [388, 389, 390], [391, 392, 393, 394, 395], [396, 397, 398, 399, 400], [401, 402, 403], [404, 405, 406, 407, 408], [409, 410, 411, 412], [413, 414, 415], [416, 417, 418, 419], [420, 421, 422], [423, 424, 425, 426, 427], [428, 429, 430], [431, 432, 433, 434], [435, 436, 437], [438, 439, 440, 441], [442, 443, 444], [445, 446, 447, 448], [449, 450, 451, 452], [453, 454, 455], [456, 457, 458, 459], [460, 461, 462, 463, 464], [465, 466, 467], [468, 469, 470, 471, 472], [473, 474, 475, 476], [477, 478, 479, 480, 481], [482, 483, 484, 485], [486, 487, 488, 489, 490], [491, 492, 493], [494, 495, 496, 497, 498], [499, 500, 501, 502, 503], [504, 505, 506], [507, 508, 509], [510, 511, 512, 513, 514], [515, 516, 517], [518, 519, 520], [521, 522, 523, 524], [525, 526, 527], [528, 529, 530, 531], [532, 533, 534, 535, 536], [537, 538, 539, 540], [541, 542, 543], [544, 545, 546, 547, 548], [549, 550, 551, 552, 553], [554, 555, 556, 557, 558], [559, 560, 561], [562, 563, 564, 565], [566, 567, 568, 569], [570, 571, 572, 573, 574], [575, 576, 577, 578], [579, 580, 581, 582, 583], [584, 585, 586], [587, 588, 589], [590, 591, 592], [593, 594, 595, 596], [597, 598, 599], [600, 601, 602, 603, 604], [605, 606, 607, 608], [609, 610, 611], [612, 613, 614, 615], [616, 617, 618, 619], [620, 621, 622, 623, 624], [625, 626, 627], [628, 629, 630], [631, 632, 633, 634], [635, 636, 637, 638], [639, 640, 641, 642], [643, 644, 645], [646, 647, 648, 649, 650], [651, 652, 653, 654, 655], [656, 657, 658, 659, 660], [661, 662, 663, 664], [665, 666, 667], [668, 669, 670, 671], [672, 673, 674, 675], [676, 677, 678, 679], [680, 681, 682, 683], [684, 685, 686, 687, 688], [689, 690, 691, 692], [693, 694, 695, 696], [697, 698, 699, 700, 701], [702, 703, 704, 705], [706, 707, 708, 709], [710, 711, 712], [713, 714, 715, 716], [717, 718, 719, 720], [721, 722, 723], [724, 725, 726, 727, 728], [729, 730, 731, 732, 733], [734, 735, 736, 737], [738, 739, 740], [741, 742, 743, 744, 745], [746, 747, 748, 749], [750, 751, 752, 753, 754], [755, 756, 757], [758, 759, 760, 761, 762], [763, 764, 765, 766], [767, 768, 769, 770, 771], [772, 773, 774], [775, 776, 777, 778, 779], [780, 781, 782, 783, 784], [785, 786, 787], [788, 789, 790, 791, 792], [793, 794, 795], [796, 797, 798, 799], [800]]",201,806,8.660947837,9480,84.46736393,,403,4740
Block=4_Prob=1_n=30_nsets=800,"Vector{T} where T[[1, 2, 3], [4, 5, 6], [7, 8, 9], [10, 11, 12, 13, 14], [15, 16, 17, 18], [19, 20, 21, 22], [23, 24, 25], [26, 27, 28, 29], [30, 31, 32], [33, 34, 35], [36, 37, 38, 39], [40, 41, 42, 43, 44], [45, 46, 47, 48], [49, 50, 51], [52, 53, 54, 55, 56], [57, 58, 59], [60, 61, 62, 63, 64], [65, 66, 67], [68, 69, 70, 71, 72], [73, 74, 75, 76], [77, 78, 79], [80, 81, 82], [83, 84, 85, 86, 87], [88, 89, 90], [91, 92, 93, 94], [95, 96, 97, 98], [99, 100, 101, 102], [103, 104, 105], [106, 107, 108], [109, 110, 111, 112], [113, 114, 115], [116, 117, 118, 119, 120], [121, 122, 123, 124, 125], [126, 127, 128, 129], [130, 131, 132, 133], [134, 135, 136, 137, 138], [139, 140, 141, 142, 143], [144, 145, 146, 147, 148], [149, 150, 151], [152, 153, 154, 155, 156], [157, 158, 159, 160, 161], [162, 163, 164], [165, 166, 167, 168], [169, 170, 171], [172, 173, 174, 175, 176], [177, 178, 179], [180, 181, 182], [183, 184, 185], [186, 187, 188], [189, 190, 191, 192, 193], [194, 195, 196, 197], [198, 199, 200], [201, 202, 203, 204], [205, 206, 207, 208, 209], [210, 211, 212], [213, 214, 215, 216], [217, 218, 219, 220, 221], [222, 223, 224], [225, 226, 227, 228], [229, 230, 231], [232, 233, 234], [235, 236, 237], [238, 239, 240, 241], [242, 243, 244, 245], [246, 247, 248, 249, 250], [251, 252, 253, 254, 255], [256, 257, 258, 259], [260, 261, 262], [263, 264, 265, 266], [267, 268, 269, 270, 271], [272, 273, 274, 275], [276, 277, 278, 279], [280, 281, 282, 283, 284], [285, 286, 287, 288], [289, 290, 291], [292, 293, 294, 295], [296, 297, 298, 299, 300], [301, 302, 303, 304], [305, 306, 307, 308], [309, 310, 311], [312, 313, 314], [315, 316, 317], [318, 319, 320, 321, 322], [323, 324, 325, 326, 327], [328, 329, 330, 331, 332], [333, 334, 335], [336, 337, 338], [339, 340, 341], [342, 343, 344, 345], [346, 347, 348, 349], [350, 351, 352, 353], [354, 355, 356], [357, 358, 359, 360, 361], [362, 363, 364], [365, 366, 367, 368, 369], [370, 371, 372, 373], [374, 375, 376, 377, 378], [379, 380, 381], [382, 383, 384, 385, 386], [387, 388, 389], [390, 391, 392, 393], [394, 395, 396, 397], [398, 399, 400, 401], [402, 403, 404, 405], [406, 407, 408, 409, 410], [411, 412, 413, 414, 415], [416, 417, 418], [419, 420, 421], [422, 423, 424], [425, 426, 427, 428, 429], [430, 431, 432, 433, 434], [435, 436, 437], [438, 439, 440, 441, 442], [443, 444, 445], [446, 447, 448, 449, 450], [451, 452, 453, 454], [455, 456, 457, 458, 459], [460, 461, 462], [463, 464, 465, 466, 467], [468, 469, 470, 471, 472], [473, 474, 475, 476, 477], [478, 479, 480], [481, 482, 483, 484], [485, 486, 487, 488], [489, 490, 491, 492], [493, 494, 495, 496, 497], [498, 499, 500], [501, 502, 503, 504], [505, 506, 507], [508, 509, 510], [511, 512, 513, 514, 515], [516, 517, 518], [519, 520, 521, 522], [523, 524, 525], [526, 527, 528, 529], [530, 531, 532, 533], [534, 535, 536, 537, 538], [539, 540, 541, 542, 543], [544, 545, 546], [547, 548, 549, 550], [551, 552, 553], [554, 555, 556, 557, 558], [559, 560, 561], [562, 563, 564, 565], [566, 567, 568, 569], [570, 571, 572], [573, 574, 575, 576, 577], [578, 579, 580, 581, 582], [583, 584, 585, 586], [587, 588, 589, 590, 591], [592, 593, 594, 595], [596, 597, 598, 599, 600], [601, 602, 603, 604], [605, 606, 607], [608, 609, 610], [611, 612, 613], [614, 615, 616, 617, 618], [619, 620, 621, 622], [623, 624, 625], [626, 627, 628, 629], [630, 631, 632, 633, 634], [635, 636, 637], [638, 639, 640], [641, 642, 643], [644, 645, 646, 647], [648, 649, 650], [651, 652, 653], [654, 655, 656], [657, 658, 659, 660, 661], [662, 663, 664], [665, 666, 667, 668], [669, 670, 671, 672, 673], [674, 675, 676], [677, 678, 679, 680, 681], [682, 683, 684, 685], [686, 687, 688, 689], [690, 691, 692, 693, 694], [695, 696, 697, 698], [699, 700, 701, 702, 703], [704, 705, 706], [707, 708, 709, 710], [711, 712, 713, 714], [715, 716, 717, 718], [719, 720, 721], [722, 723, 724, 725, 726], [727, 728, 729, 730, 731], [732, 733, 734, 735, 736], [737, 738, 739], [740, 741, 742], [743, 744, 745], [746, 747, 748, 749, 750], [751, 752, 753], [754, 755, 756], [757, 758, 759, 760], [761, 762, 763, 764], [765, 766, 767, 768, 769], [770, 771, 772], [773, 774, 775, 776], [777, 778, 779, 780, 781], [782, 783, 784, 785, 786], [787, 788, 789], [790, 791, 792, 793, 794], [795, 796, 797], [798, 799, 800]]",204,332,12.349668063000001,26110,109.445833128,,166,13055
Block=4_Prob=2_n=30_nsets=800,"Vector{T} where T[[1, 2, 3], [4, 5, 6], [7, 8, 9], [10, 11, 12, 13, 14], [15, 16, 17, 18], [19, 20, 21, 22], [23, 24, 25], [26, 27, 28, 29], [30, 31, 32], [33, 34, 35], [36, 37, 38, 39], [40, 41, 42, 43, 44], [45, 46, 47, 48], [49, 50, 51], [52, 53, 54, 55, 56], [57, 58, 59], [60, 61, 62, 63, 64], [65, 66, 67], [68, 69, 70, 71, 72], [73, 74, 75, 76], [77, 78, 79], [80, 81, 82], [83, 84, 85, 86, 87], [88, 89, 90], [91, 92, 93, 94], [95, 96, 97, 98], [99, 100, 101, 102], [103, 104, 105], [106, 107, 108], [109, 110, 111, 112], [113, 114, 115], [116, 117, 118, 119, 120], [121, 122, 123, 124, 125], [126, 127, 128, 129], [130, 131, 132, 133], [134, 135, 136, 137, 138], [139, 140, 141, 142, 143], [144, 145, 146, 147, 148], [149, 150, 151], [152, 153, 154, 155, 156], [157, 158, 159, 160, 161], [162, 163, 164], [165, 166, 167, 168], [169, 170, 171], [172, 173, 174, 175, 176], [177, 178, 179], [180, 181, 182], [183, 184, 185], [186, 187, 188], [189, 190, 191, 192, 193], [194, 195, 196, 197], [198, 199, 200], [201, 202, 203, 204], [205, 206, 207, 208, 209], [210, 211, 212], [213, 214, 215, 216], [217, 218, 219, 220, 221], [222, 223, 224], [225, 226, 227, 228], [229, 230, 231], [232, 233, 234], [235, 236, 237], [238, 239, 240, 241], [242, 243, 244, 245], [246, 247, 248, 249, 250], [251, 252, 253, 254, 255], [256, 257, 258, 259], [260, 261, 262], [263, 264, 265, 266], [267, 268, 269, 270, 271], [272, 273, 274, 275], [276, 277, 278, 279], [280, 281, 282, 283, 284], [285, 286, 287, 288], [289, 290, 291], [292, 293, 294, 295], [296, 297, 298, 299, 300], [301, 302, 303, 304], [305, 306, 307, 308], [309, 310, 311], [312, 313, 314], [315, 316, 317], [318, 319, 320, 321, 322], [323, 324, 325, 326, 327], [328, 329, 330, 331, 332], [333, 334, 335], [336, 337, 338], [339, 340, 341], [342, 343, 344, 345], [346, 347, 348, 349], [350, 351, 352, 353], [354, 355, 356], [357, 358, 359, 360, 361], [362, 363, 364], [365, 366, 367, 368, 369], [370, 371, 372, 373], [374, 375, 376, 377, 378], [379, 380, 381], [382, 383, 384, 385, 386], [387, 388, 389], [390, 391, 392, 393], [394, 395, 396, 397], [398, 399, 400, 401], [402, 403, 404, 405], [406, 407, 408, 409, 410], [411, 412, 413, 414, 415], [416, 417, 418], [419, 420, 421], [422, 423, 424], [425, 426, 427, 428, 429], [430, 431, 432, 433, 434], [435, 436, 437], [438, 439, 440, 441, 442], [443, 444, 445], [446, 447, 448, 449, 450], [451, 452, 453, 454], [455, 456, 457, 458, 459], [460, 461, 462], [463, 464, 465, 466, 467], [468, 469, 470, 471, 472], [473, 474, 475, 476, 477], [478, 479, 480], [481, 482, 483, 484], [485, 486, 487, 488], [489, 490, 491, 492], [493, 494, 495, 496, 497], [498, 499, 500], [501, 502, 503, 504], [505, 506, 507], [508, 509, 510], [511, 512, 513, 514, 515], [516, 517, 518], [519, 520, 521, 522], [523, 524, 525], [526, 527, 528, 529], [530, 531, 532, 533], [534, 535, 536, 537, 538], [539, 540, 541, 542, 543], [544, 545, 546], [547, 548, 549, 550], [551, 552, 553], [554, 555, 556, 557, 558], [559, 560, 561], [562, 563, 564, 565], [566, 567, 568, 569], [570, 571, 572], [573, 574, 575, 576, 577], [578, 579, 580, 581, 582], [583, 584, 585, 586], [587, 588, 589, 590, 591], [592, 593, 594, 595], [596, 597, 598, 599, 600], [601, 602, 603, 604], [605, 606, 607], [608, 609, 610], [611, 612, 613], [614, 615, 616, 617, 618], [619, 620, 621, 622], [623, 624, 625], [626, 627, 628, 629], [630, 631, 632, 633, 634], [635, 636, 637], [638, 639, 640], [641, 642, 643], [644, 645, 646, 647], [648, 649, 650], [651, 652, 653], [654, 655, 656], [657, 658, 659, 660, 661], [662, 663, 664], [665, 666, 667, 668], [669, 670, 671, 672, 673], [674, 675, 676], [677, 678, 679, 680, 681], [682, 683, 684, 685], [686, 687, 688, 689], [690, 691, 692, 693, 694], [695, 696, 697, 698], [699, 700, 701, 702, 703], [704, 705, 706], [707, 708, 709, 710], [711, 712, 713, 714], [715, 716, 717, 718], [719, 720, 721], [722, 723, 724, 725, 726], [727, 728, 729, 730, 731], [732, 733, 734, 735, 736], [737, 738, 739], [740, 741, 742], [743, 744, 745], [746, 747, 748, 749, 750], [751, 752, 753], [754, 755, 756], [757, 758, 759, 760], [761, 762, 763, 764], [765, 766, 767, 768, 769], [770, 771, 772], [773, 774, 775, 776], [777, 778, 779, 780, 781], [782, 783, 784, 785, 786], [787, 788, 789], [790, 791, 792, 793, 794], [795, 796, 797], [798, 799, 800]]",204,224,13.052183988000001,50000,77.39086189800001,,112,25000
Block=5_Prob=1_n=30_nsets=800,"Vector{T} where T[[1, 2, 3, 4, 5], [6, 7, 8], [9, 10, 11, 12], [13, 14, 15, 16, 17], [18, 19, 20, 21, 22], [23, 24, 25], [26, 27, 28, 29, 30], [31, 32, 33, 34], [35, 36, 37, 38], [39, 40, 41, 42, 43], [44, 45, 46], [47, 48, 49, 50, 51], [52, 53, 54, 55], [56, 57, 58], [59, 60, 61, 62], [63, 64, 65, 66, 67], [68, 69, 70, 71, 72], [73, 74, 75, 76], [77, 78, 79], [80, 81, 82, 83, 84], [85, 86, 87, 88], [89, 90, 91], [92, 93, 94, 95, 96], [97, 98, 99, 100], [101, 102, 103], [104, 105, 106, 107], [108, 109, 110, 111, 112], [113, 114, 115, 116], [117, 118, 119], [120, 121, 122, 123], [124, 125, 126, 127, 128], [129, 130, 131, 132], [133, 134, 135], [136, 137, 138, 139, 140], [141, 142, 143, 144, 145], [146, 147, 148, 149], [150, 151, 152, 153], [154, 155, 156, 157, 158], [159, 160, 161], [162, 163, 164, 165, 166], [167, 168, 169], [170, 171, 172, 173], [174, 175, 176], [177, 178, 179, 180], [181, 182, 183, 184], [185, 186, 187, 188, 189], [190, 191, 192, 193, 194], [195, 196, 197, 198], [199, 200, 201, 202], [203, 204, 205, 206, 207], [208, 209, 210, 211], [212, 213, 214], [215, 216, 217, 218, 219], [220, 221, 222, 223, 224], [225, 226, 227], [228, 229, 230, 231, 232], [233, 234, 235, 236], [237, 238, 239], [240, 241, 242, 243], [244, 245, 246, 247, 248], [249, 250, 251, 252, 253], [254, 255, 256], [257, 258, 259, 260], [261, 262, 263], [264, 265, 266, 267, 268], [269, 270, 271, 272, 273], [274, 275, 276, 277], [278, 279, 280, 281, 282], [283, 284, 285], [286, 287, 288, 289], [290, 291, 292, 293, 294], [295, 296, 297, 298, 299], [300, 301, 302, 303], [304, 305, 306], [307, 308, 309, 310], [311, 312, 313, 314], [315, 316, 317, 318, 319], [320, 321, 322, 323, 324], [325, 326, 327], [328, 329, 330], [331, 332, 333, 334, 335], [336, 337, 338, 339], [340, 341, 342, 343, 344], [345, 346, 347, 348, 349], [350, 351, 352, 353], [354, 355, 356], [357, 358, 359, 360], [361, 362, 363, 364, 365], [366, 367, 368], [369, 370, 371], [372, 373, 374, 375], [376, 377, 378], [379, 380, 381, 382], [383, 384, 385, 386, 387], [388, 389, 390, 391], [392, 393, 394, 395], [396, 397, 398], [399, 400, 401, 402], [403, 404, 405, 406], [407, 408, 409], [410, 411, 412, 413], [414, 415, 416, 417, 418], [419, 420, 421], [422, 423, 424, 425, 426], [427, 428, 429, 430], [431, 432, 433, 434], [435, 436, 437, 438], [439, 440, 441, 442, 443], [444, 445, 446, 447], [448, 449, 450, 451], [452, 453, 454, 455], [456, 457, 458], [459, 460, 461], [462, 463, 464], [465, 466, 467], [468, 469, 470, 471], [472, 473, 474], [475, 476, 477], [478, 479, 480, 481, 482], [483, 484, 485, 486], [487, 488, 489, 490, 491], [492, 493, 494, 495], [496, 497, 498], [499, 500, 501, 502, 503], [504, 505, 506, 507, 508], [509, 510, 511, 512], [513, 514, 515], [516, 517, 518], [519, 520, 521, 522], [523, 524, 525], [526, 527, 528, 529, 530], [531, 532, 533, 534, 535], [536, 537, 538, 539, 540], [541, 542, 543, 544], [545, 546, 547, 548, 549], [550, 551, 552], [553, 554, 555, 556], [557, 558, 559, 560], [561, 562, 563], [564, 565, 566, 567, 568], [569, 570, 571], [572, 573, 574, 575], [576, 577, 578, 579], [580, 581, 582, 583], [584, 585, 586, 587], [588, 589, 590, 591], [592, 593, 594, 595, 596], [597, 598, 599], [600, 601, 602], [603, 604, 605, 606, 607], [608, 609, 610, 611, 612], [613, 614, 615, 616], [617, 618, 619, 620], [621, 622, 623, 624], [625, 626, 627, 628, 629], [630, 631, 632, 633], [634, 635, 636], [637, 638, 639], [640, 641, 642, 643, 644], [645, 646, 647, 648, 649], [650, 651, 652, 653], [654, 655, 656, 657], [658, 659, 660, 661], [662, 663, 664, 665, 666], [667, 668, 669], [670, 671, 672], [673, 674, 675, 676], [677, 678, 679, 680], [681, 682, 683, 684, 685], [686, 687, 688, 689, 690], [691, 692, 693, 694], [695, 696, 697, 698, 699], [700, 701, 702], [703, 704, 705], [706, 707, 708, 709], [710, 711, 712, 713], [714, 715, 716, 717], [718, 719, 720], [721, 722, 723, 724], [725, 726, 727], [728, 729, 730], [731, 732, 733, 734], [735, 736, 737], [738, 739, 740], [741, 742, 743, 744], [745, 746, 747, 748], [749, 750, 751, 752, 753], [754, 755, 756], [757, 758, 759, 760, 761], [762, 763, 764, 765], [766, 767, 768, 769, 770], [771, 772, 773, 774, 775], [776, 777, 778, 779], [780, 781, 782, 783, 784], [785, 786, 787, 788], [789, 790, 791, 792, 793], [794, 795, 796, 797], [798, 799, 800]]",198,270,11.211807359000002,14942,80.697020245,,135,7471
Block=5_Prob=2_n=30_nsets=800,"Vector{T} where T[[1, 2, 3, 4, 5], [6, 7, 8], [9, 10, 11, 12], [13, 14, 15, 16, 17], [18, 19, 20, 21, 22], [23, 24, 25], [26, 27, 28, 29, 30], [31, 32, 33, 34], [35, 36, 37, 38], [39, 40, 41, 42, 43], [44, 45, 46], [47, 48, 49, 50, 51], [52, 53, 54, 55], [56, 57, 58], [59, 60, 61, 62], [63, 64, 65, 66, 67], [68, 69, 70, 71, 72], [73, 74, 75, 76], [77, 78, 79], [80, 81, 82, 83, 84], [85, 86, 87, 88], [89, 90, 91], [92, 93, 94, 95, 96], [97, 98, 99, 100], [101, 102, 103], [104, 105, 106, 107], [108, 109, 110, 111, 112], [113, 114, 115, 116], [117, 118, 119], [120, 121, 122, 123], [124, 125, 126, 127, 128], [129, 130, 131, 132], [133, 134, 135], [136, 137, 138, 139, 140], [141, 142, 143, 144, 145], [146, 147, 148, 149], [150, 151, 152, 153], [154, 155, 156, 157, 158], [159, 160, 161], [162, 163, 164, 165, 166], [167, 168, 169], [170, 171, 172, 173], [174, 175, 176], [177, 178, 179, 180], [181, 182, 183, 184], [185, 186, 187, 188, 189], [190, 191, 192, 193, 194], [195, 196, 197, 198], [199, 200, 201, 202], [203, 204, 205, 206, 207], [208, 209, 210, 211], [212, 213, 214], [215, 216, 217, 218, 219], [220, 221, 222, 223, 224], [225, 226, 227], [228, 229, 230, 231, 232], [233, 234, 235, 236], [237, 238, 239], [240, 241, 242, 243], [244, 245, 246, 247, 248], [249, 250, 251, 252, 253], [254, 255, 256], [257, 258, 259, 260], [261, 262, 263], [264, 265, 266, 267, 268], [269, 270, 271, 272, 273], [274, 275, 276, 277], [278, 279, 280, 281, 282], [283, 284, 285], [286, 287, 288, 289], [290, 291, 292, 293, 294], [295, 296, 297, 298, 299], [300, 301, 302, 303], [304, 305, 306], [307, 308, 309, 310], [311, 312, 313, 314], [315, 316, 317, 318, 319], [320, 321, 322, 323, 324], [325, 326, 327], [328, 329, 330], [331, 332, 333, 334, 335], [336, 337, 338, 339], [340, 341, 342, 343, 344], [345, 346, 347, 348, 349], [350, 351, 352, 353], [354, 355, 356], [357, 358, 359, 360], [361, 362, 363, 364, 365], [366, 367, 368], [369, 370, 371], [372, 373, 374, 375], [376, 377, 378], [379, 380, 381, 382], [383, 384, 385, 386, 387], [388, 389, 390, 391], [392, 393, 394, 395], [396, 397, 398], [399, 400, 401, 402], [403, 404, 405, 406], [407, 408, 409], [410, 411, 412, 413], [414, 415, 416, 417, 418], [419, 420, 421], [422, 423, 424, 425, 426], [427, 428, 429, 430], [431, 432, 433, 434], [435, 436, 437, 438], [439, 440, 441, 442, 443], [444, 445, 446, 447], [448, 449, 450, 451], [452, 453, 454, 455], [456, 457, 458], [459, 460, 461], [462, 463, 464], [465, 466, 467], [468, 469, 470, 471], [472, 473, 474], [475, 476, 477], [478, 479, 480, 481, 482], [483, 484, 485, 486], [487, 488, 489, 490, 491], [492, 493, 494, 495], [496, 497, 498], [499, 500, 501, 502, 503], [504, 505, 506, 507, 508], [509, 510, 511, 512], [513, 514, 515], [516, 517, 518], [519, 520, 521, 522], [523, 524, 525], [526, 527, 528, 529, 530], [531, 532, 533, 534, 535], [536, 537, 538, 539, 540], [541, 542, 543, 544], [545, 546, 547, 548, 549], [550, 551, 552], [553, 554, 555, 556], [557, 558, 559, 560], [561, 562, 563], [564, 565, 566, 567, 568], [569, 570, 571], [572, 573, 574, 575], [576, 577, 578, 579], [580, 581, 582, 583], [584, 585, 586, 587], [588, 589, 590, 591], [592, 593, 594, 595, 596], [597, 598, 599], [600, 601, 602], [603, 604, 605, 606, 607], [608, 609, 610, 611, 612], [613, 614, 615, 616], [617, 618, 619, 620], [621, 622, 623, 624], [625, 626, 627, 628, 629], [630, 631, 632, 633], [634, 635, 636], [637, 638, 639], [640, 641, 642, 643, 644], [645, 646, 647, 648, 649], [650, 651, 652, 653], [654, 655, 656, 657], [658, 659, 660, 661], [662, 663, 664, 665, 666], [667, 668, 669], [670, 671, 672], [673, 674, 675, 676], [677, 678, 679, 680], [681, 682, 683, 684, 685], [686, 687, 688, 689, 690], [691, 692, 693, 694], [695, 696, 697, 698, 699], [700, 701, 702], [703, 704, 705], [706, 707, 708, 709], [710, 711, 712, 713], [714, 715, 716, 717], [718, 719, 720], [721, 722, 723, 724], [725, 726, 727], [728, 729, 730], [731, 732, 733, 734], [735, 736, 737], [738, 739, 740], [741, 742, 743, 744], [745, 746, 747, 748], [749, 750, 751, 752, 753], [754, 755, 756], [757, 758, 759, 760, 761], [762, 763, 764, 765], [766, 767, 768, 769, 770], [771, 772, 773, 774, 775], [776, 777, 778, 779], [780, 781, 782, 783, 784], [785, 786, 787, 788], [789, 790, 791, 792, 793], [794, 795, 796, 797], [798, 799, 800]]",198,436,13.721235325,17976,90.978706351,,218,8988
Block=1_Prob=1_n=50_nsets=40,"Vector{T} where T[[1, 2, 3, 4], [5, 6, 7, 8, 9], [10, 11, 12], [13, 14, 15], [16, 17, 18], [19, 20, 21, 22, 23], [24, 25, 26, 27, 28], [29, 30, 31], [32, 33, 34, 35, 36], [37, 38, 39], [40]]",11,140,1.1368927492,1682,25.25682473,,70,841
Block=1_Prob=2_n=50_nsets=40,"Vector{T} where T[[1, 2, 3, 4], [5, 6, 7, 8, 9], [10, 11, 12], [13, 14, 15], [16, 17, 18], [19, 20, 21, 22, 23], [24, 25, 26, 27, 28], [29, 30, 31], [32, 33, 34, 35, 36], [37, 38, 39], [40]]",11,58,1.4965534767500002,3176,5.9681660160000005,,29,1588
Block=2_Prob=1_n=50_nsets=40,"Vector{T} where T[[1, 2, 3, 4, 5], [6, 7, 8], [9, 10, 11, 12], [13, 14, 15], [16, 17, 18, 19, 20], [21, 22, 23, 24], [25, 26, 27, 28, 29], [30, 31, 32, 33, 34], [35, 36, 37, 38, 39], [40]]",10,122,1.28063233075,3258,5.352000194,,61,1629
Block=2_Prob=2_n=50_nsets=40,"Vector{T} where T[[1, 2, 3, 4, 5], [6, 7, 8], [9, 10, 11, 12], [13, 14, 15], [16, 17, 18, 19, 20], [21, 22, 23, 24], [25, 26, 27, 28, 29], [30, 31, 32, 33, 34], [35, 36, 37, 38, 39], [40]]",10,308,1.8259553890000002,5248,27.258576241,,154,2624
Block=3_Prob=1_n=50_nsets=40,"Vector{T} where T[[1, 2, 3, 4, 5], [6, 7, 8, 9], [10, 11, 12, 13, 14], [15, 16, 17, 18], [19, 20, 21, 22, 23], [24, 25, 26, 27], [28, 29, 30], [31, 32, 33, 34, 35], [36, 37, 38], [39, 40]]",10,202,2.1109778096666667,2198,7.246976932000001,,101,1099
Block=3_Prob=2_n=50_nsets=40,"Vector{T} where T[[1, 2, 3, 4, 5], [6, 7, 8, 9], [10, 11, 12, 13, 14], [15, 16, 17, 18], [19, 20, 21, 22, 23], [24, 25, 26, 27], [28, 29, 30], [31, 32, 33, 34, 35], [36, 37, 38], [39, 40]]",10,90,1.1625371451666668,882,6.636960559,,45,441
Block=4_Prob=1_n=50_nsets=40,"Vector{T} where T[[1, 2, 3, 4, 5], [6, 7, 8], [9, 10, 11, 12, 13], [14, 15, 16], [17, 18, 19, 20], [21, 22, 23, 24], [25, 26, 27, 28], [29, 30, 31], [32, 33, 34, 35], [36, 37, 38], [39, 40]]",11,88,1.7033340600000002,1348,41.982479536,,44,674
Block=4_Prob=2_n=50_nsets=40,"Vector{T} where T[[1, 2, 3, 4, 5], [6, 7, 8], [9, 10, 11, 12, 13], [14, 15, 16], [17, 18, 19, 20], [21, 22, 23, 24], [25, 26, 27, 28], [29, 30, 31], [32, 33, 34, 35], [36, 37, 38], [39, 40]]",11,108,1.2101081226,846,3.574429969,,54,423
Block=5_Prob=1_n=50_nsets=40,"Vector{T} where T[[1, 2, 3, 4, 5], [6, 7, 8, 9], [10, 11, 12, 13], [14, 15, 16, 17], [18, 19, 20, 21, 22], [23, 24, 25, 26, 27], [28, 29, 30], [31, 32, 33, 34, 35], [36, 37, 38, 39, 40]]",9,92,1.0479650014000002,1150,21.893417468000003,,46,575
Block=5_Prob=2_n=50_nsets=40,"Vector{T} where T[[1, 2, 3, 4, 5], [6, 7, 8, 9], [10, 11, 12, 13], [14, 15, 16, 17], [18, 19, 20, 21, 22], [23, 24, 25, 26, 27], [28, 29, 30], [31, 32, 33, 34, 35], [36, 37, 38, 39, 40]]",9,208,7.996719540000001,3966,6.889274673,,104,1983
Block=1_Prob=1_n=50_nsets=100,"Vector{T} where T[[1, 2, 3, 4], [5, 6, 7, 8, 9], [10, 11, 12], [13, 14, 15], [16, 17, 18], [19, 20, 21, 22, 23], [24, 25, 26, 27, 28], [29, 30, 31], [32, 33, 34, 35, 36], [37, 38, 39], [40, 41, 42, 43], [44, 45, 46, 47, 48], [49, 50, 51], [52, 53, 54, 55], [56, 57, 58], [59, 60, 61, 62, 63], [64, 65, 66, 67], [68, 69, 70, 71, 72], [73, 74, 75, 76, 77], [78, 79, 80, 81, 82], [83, 84, 85, 86], [87, 88, 89, 90, 91], [92, 93, 94, 95], [96, 97, 98, 99, 100]]",24,232,2.156755575333334,16208,11.538991726,,116,8104
Block=1_Prob=2_n=50_nsets=100,"Vector{T} where T[[1, 2, 3, 4], [5, 6, 7, 8, 9], [10, 11, 12], [13, 14, 15], [16, 17, 18], [19, 20, 21, 22, 23], [24, 25, 26, 27, 28], [29, 30, 31], [32, 33, 34, 35, 36], [37, 38, 39], [40, 41, 42, 43], [44, 45, 46, 47, 48], [49, 50, 51], [52, 53, 54, 55], [56, 57, 58], [59, 60, 61, 62, 63], [64, 65, 66, 67], [68, 69, 70, 71, 72], [73, 74, 75, 76, 77], [78, 79, 80, 81, 82], [83, 84, 85, 86], [87, 88, 89, 90, 91], [92, 93, 94, 95], [96, 97, 98, 99, 100]]",24,938,5.521768179,1300,16.267030683,,469,650
Block=2_Prob=1_n=50_nsets=100,"Vector{T} where T[[1, 2, 3, 4], [5, 6, 7, 8, 9], [10, 11, 12, 13], [14, 15, 16], [17, 18, 19, 20, 21], [22, 23, 24], [25, 26, 27], [28, 29, 30, 31, 32], [33, 34, 35], [36, 37, 38, 39, 40], [41, 42, 43], [44, 45, 46, 47], [48, 49, 50, 51], [52, 53, 54, 55], [56, 57, 58], [59, 60, 61, 62], [63, 64, 65], [66, 67, 68, 69, 70], [71, 72, 73, 74, 75], [76, 77, 78, 79], [80, 81, 82, 83], [84, 85, 86, 87], [88, 89, 90, 91, 92], [93, 94, 95, 96, 97], [98, 99, 100]]",25,168,3.7205382,29234,14.095884584,,84,14617
Block=2_Prob=2_n=50_nsets=100,"Vector{T} where T[[1, 2, 3, 4], [5, 6, 7, 8, 9], [10, 11, 12, 13], [14, 15, 16], [17, 18, 19, 20, 21], [22, 23, 24], [25, 26, 27], [28, 29, 30, 31, 32], [33, 34, 35], [36, 37, 38, 39, 40], [41, 42, 43], [44, 45, 46, 47], [48, 49, 50, 51], [52, 53, 54, 55], [56, 57, 58], [59, 60, 61, 62], [63, 64, 65], [66, 67, 68, 69, 70], [71, 72, 73, 74, 75], [76, 77, 78, 79], [80, 81, 82, 83], [84, 85, 86, 87], [88, 89, 90, 91, 92], [93, 94, 95, 96, 97], [98, 99, 100]]",25,128,2.551661773,14630,26.465967408,,64,7315
Block=3_Prob=1_n=50_nsets=100,"Vector{T} where T[[1, 2, 3, 4, 5], [6, 7, 8, 9, 10], [11, 12, 13], [14, 15, 16, 17, 18], [19, 20, 21, 22], [23, 24, 25], [26, 27, 28, 29], [30, 31, 32, 33, 34], [35, 36, 37, 38, 39], [40, 41, 42], [43, 44, 45, 46, 47], [48, 49, 50, 51, 52], [53, 54, 55, 56], [57, 58, 59, 60, 61], [62, 63, 64, 65], [66, 67, 68], [69, 70, 71, 72, 73], [74, 75, 76, 77], [78, 79, 80, 81], [82, 83, 84, 85], [86, 87, 88, 89, 90], [91, 92, 93], [94, 95, 96, 97, 98], [99, 100]]",24,84,2.1907841346666665,2542,33.770759421,,42,1271
Block=3_Prob=2_n=50_nsets=100,"Vector{T} where T[[1, 2, 3, 4, 5], [6, 7, 8, 9, 10], [11, 12, 13], [14, 15, 16, 17, 18], [19, 20, 21, 22], [23, 24, 25], [26, 27, 28, 29], [30, 31, 32, 33, 34], [35, 36, 37, 38, 39], [40, 41, 42], [43, 44, 45, 46, 47], [48, 49, 50, 51, 52], [53, 54, 55, 56], [57, 58, 59, 60, 61], [62, 63, 64, 65], [66, 67, 68], [69, 70, 71, 72, 73], [74, 75, 76, 77], [78, 79, 80, 81], [82, 83, 84, 85], [86, 87, 88, 89, 90], [91, 92, 93], [94, 95, 96, 97, 98], [99, 100]]",24,134,7.841469785,4438,23.303921658,,67,2219
Block=4_Prob=1_n=50_nsets=100,"Vector{T} where T[[1, 2, 3, 4, 5], [6, 7, 8, 9, 10], [11, 12, 13, 14, 15], [16, 17, 18, 19, 20], [21, 22, 23, 24, 25], [26, 27, 28, 29, 30], [31, 32, 33, 34, 35], [36, 37, 38], [39, 40, 41], [42, 43, 44, 45], [46, 47, 48], [49, 50, 51, 52], [53, 54, 55], [56, 57, 58, 59, 60], [61, 62, 63, 64], [65, 66, 67, 68], [69, 70, 71], [72, 73, 74], [75, 76, 77, 78], [79, 80, 81, 82, 83], [84, 85, 86, 87, 88], [89, 90, 91], [92, 93, 94, 95], [96, 97, 98, 99], [100]]",25,192,3.5743075855,1330,14.629702550000001,,96,665
Block=4_Prob=2_n=50_nsets=100,"Vector{T} where T[[1, 2, 3, 4, 5], [6, 7, 8, 9, 10], [11, 12, 13, 14, 15], [16, 17, 18, 19, 20], [21, 22, 23, 24, 25], [26, 27, 28, 29, 30], [31, 32, 33, 34, 35], [36, 37, 38], [39, 40, 41], [42, 43, 44, 45], [46, 47, 48], [49, 50, 51, 52], [53, 54, 55], [56, 57, 58, 59, 60], [61, 62, 63, 64], [65, 66, 67, 68], [69, 70, 71], [72, 73, 74], [75, 76, 77, 78], [79, 80, 81, 82, 83], [84, 85, 86, 87, 88], [89, 90, 91], [92, 93, 94, 95], [96, 97, 98, 99], [100]]",25,72,2.7357737395000004,6650,12.876351494000001,,36,3325
Block=5_Prob=1_n=50_nsets=100,"Vector{T} where T[[1, 2, 3, 4], [5, 6, 7], [8, 9, 10], [11, 12, 13, 14], [15, 16, 17, 18, 19], [20, 21, 22, 23], [24, 25, 26, 27], [28, 29, 30, 31], [32, 33, 34, 35, 36], [37, 38, 39, 40, 41], [42, 43, 44], [45, 46, 47, 48], [49, 50, 51], [52, 53, 54, 55], [56, 57, 58, 59], [60, 61, 62], [63, 64, 65, 66, 67], [68, 69, 70, 71], [72, 73, 74, 75, 76], [77, 78, 79], [80, 81, 82, 83, 84], [85, 86, 87, 88], [89, 90, 91, 92], [93, 94, 95], [96, 97, 98, 99, 100]]",25,294,3.90706669,1862,14.277333696000001,,147,931
Block=5_Prob=2_n=50_nsets=100,"Vector{T} where T[[1, 2, 3, 4], [5, 6, 7], [8, 9, 10], [11, 12, 13, 14], [15, 16, 17, 18, 19], [20, 21, 22, 23], [24, 25, 26, 27], [28, 29, 30, 31], [32, 33, 34, 35, 36], [37, 38, 39, 40, 41], [42, 43, 44], [45, 46, 47, 48], [49, 50, 51], [52, 53, 54, 55], [56, 57, 58, 59], [60, 61, 62], [63, 64, 65, 66, 67], [68, 69, 70, 71], [72, 73, 74, 75, 76], [77, 78, 79], [80, 81, 82, 83, 84], [85, 86, 87, 88], [89, 90, 91, 92], [93, 94, 95], [96, 97, 98, 99, 100]]",25,88,2.5348479495,2078,13.333332536,,44,1039
Block=1_Prob=1_n=50_nsets=200,"Vector{T} where T[[1, 2, 3, 4], [5, 6, 7, 8, 9], [10, 11, 12], [13, 14, 15], [16, 17, 18], [19, 20, 21, 22, 23], [24, 25, 26, 27, 28], [29, 30, 31], [32, 33, 34, 35, 36], [37, 38, 39], [40, 41, 42, 43], [44, 45, 46, 47, 48], [49, 50, 51], [52, 53, 54, 55], [56, 57, 58], [59, 60, 61, 62, 63], [64, 65, 66, 67], [68, 69, 70, 71, 72], [73, 74, 75, 76, 77], [78, 79, 80, 81, 82], [83, 84, 85, 86], [87, 88, 89, 90, 91], [92, 93, 94, 95], [96, 97, 98, 99, 100], [101, 102, 103, 104], [105, 106, 107, 108, 109], [110, 111, 112, 113], [114, 115, 116], [117, 118, 119, 120, 121], [122, 123, 124], [125, 126, 127], [128, 129, 130, 131, 132], [133, 134, 135], [136, 137, 138, 139, 140], [141, 142, 143], [144, 145, 146, 147], [148, 149, 150, 151], [152, 153, 154, 155], [156, 157, 158], [159, 160, 161, 162], [163, 164, 165], [166, 167, 168, 169, 170], [171, 172, 173, 174, 175], [176, 177, 178, 179], [180, 181, 182, 183], [184, 185, 186, 187], [188, 189, 190, 191, 192], [193, 194, 195, 196, 197], [198, 199, 200]]",49,266,7.706889444000001,5844,31.20362452,,133,2922
Block=1_Prob=2_n=50_nsets=200,"Vector{T} where T[[1, 2, 3, 4], [5, 6, 7, 8, 9], [10, 11, 12], [13, 14, 15], [16, 17, 18], [19, 20, 21, 22, 23], [24, 25, 26, 27, 28], [29, 30, 31], [32, 33, 34, 35, 36], [37, 38, 39], [40, 41, 42, 43], [44, 45, 46, 47, 48], [49, 50, 51], [52, 53, 54, 55], [56, 57, 58], [59, 60, 61, 62, 63], [64, 65, 66, 67], [68, 69, 70, 71, 72], [73, 74, 75, 76, 77], [78, 79, 80, 81, 82], [83, 84, 85, 86], [87, 88, 89, 90, 91], [92, 93, 94, 95], [96, 97, 98, 99, 100], [101, 102, 103, 104], [105, 106, 107, 108, 109], [110, 111, 112, 113], [114, 115, 116], [117, 118, 119, 120, 121], [122, 123, 124], [125, 126, 127], [128, 129, 130, 131, 132], [133, 134, 135], [136, 137, 138, 139, 140], [141, 142, 143], [144, 145, 146, 147], [148, 149, 150, 151], [152, 153, 154, 155], [156, 157, 158], [159, 160, 161, 162], [163, 164, 165], [166, 167, 168, 169, 170], [171, 172, 173, 174, 175], [176, 177, 178, 179], [180, 181, 182, 183], [184, 185, 186, 187], [188, 189, 190, 191, 192], [193, 194, 195, 196, 197], [198, 199, 200]]",49,294,5.1022793360000005,5750,49.730265004,,147,2875
Block=2_Prob=1_n=50_nsets=200,"Vector{T} where T[[1, 2, 3, 4, 5], [6, 7, 8, 9, 10], [11, 12, 13], [14, 15, 16, 17, 18], [19, 20, 21, 22], [23, 24, 25], [26, 27, 28, 29], [30, 31, 32, 33, 34], [35, 36, 37, 38, 39], [40, 41, 42], [43, 44, 45, 46, 47], [48, 49, 50, 51, 52], [53, 54, 55, 56], [57, 58, 59, 60, 61], [62, 63, 64, 65], [66, 67, 68], [69, 70, 71, 72, 73], [74, 75, 76, 77], [78, 79, 80, 81], [82, 83, 84, 85], [86, 87, 88, 89, 90], [91, 92, 93], [94, 95, 96, 97, 98], [99, 100, 101, 102], [103, 104, 105, 106, 107], [108, 109, 110, 111, 112], [113, 114, 115, 116, 117], [118, 119, 120, 121, 122], [123, 124, 125, 126, 127], [128, 129, 130, 131, 132], [133, 134, 135, 136, 137], [138, 139, 140], [141, 142, 143], [144, 145, 146, 147], [148, 149, 150], [151, 152, 153, 154], [155, 156, 157], [158, 159, 160, 161, 162], [163, 164, 165, 166], [167, 168, 169, 170], [171, 172, 173], [174, 175, 176], [177, 178, 179, 180], [181, 182, 183, 184, 185], [186, 187, 188, 189, 190], [191, 192, 193], [194, 195, 196, 197], [198, 199, 200]]",48,136,5.023658812000001,5648,25.203047047000002,,68,2824
Block=2_Prob=2_n=50_nsets=200,"Vector{T} where T[[1, 2, 3, 4, 5], [6, 7, 8, 9, 10], [11, 12, 13], [14, 15, 16, 17, 18], [19, 20, 21, 22], [23, 24, 25], [26, 27, 28, 29], [30, 31, 32, 33, 34], [35, 36, 37, 38, 39], [40, 41, 42], [43, 44, 45, 46, 47], [48, 49, 50, 51, 52], [53, 54, 55, 56], [57, 58, 59, 60, 61], [62, 63, 64, 65], [66, 67, 68], [69, 70, 71, 72, 73], [74, 75, 76, 77], [78, 79, 80, 81], [82, 83, 84, 85], [86, 87, 88, 89, 90], [91, 92, 93], [94, 95, 96, 97, 98], [99, 100, 101, 102], [103, 104, 105, 106, 107], [108, 109, 110, 111, 112], [113, 114, 115, 116, 117], [118, 119, 120, 121, 122], [123, 124, 125, 126, 127], [128, 129, 130, 131, 132], [133, 134, 135, 136, 137], [138, 139, 140], [141, 142, 143], [144, 145, 146, 147], [148, 149, 150], [151, 152, 153, 154], [155, 156, 157], [158, 159, 160, 161, 162], [163, 164, 165, 166], [167, 168, 169, 170], [171, 172, 173], [174, 175, 176], [177, 178, 179, 180], [181, 182, 183, 184, 185], [186, 187, 188, 189, 190], [191, 192, 193], [194, 195, 196, 197], [198, 199, 200]]",48,370,5.512145752,7066,48.481119516,,185,3533
Block=3_Prob=1_n=50_nsets=200,"Vector{T} where T[[1, 2, 3, 4, 5], [6, 7, 8, 9], [10, 11, 12], [13, 14, 15], [16, 17, 18, 19], [20, 21, 22, 23, 24], [25, 26, 27, 28], [29, 30, 31, 32], [33, 34, 35, 36], [37, 38, 39, 40, 41], [42, 43, 44, 45, 46], [47, 48, 49], [50, 51, 52, 53], [54, 55, 56], [57, 58, 59, 60], [61, 62, 63, 64], [65, 66, 67], [68, 69, 70, 71, 72], [73, 74, 75, 76], [77, 78, 79, 80, 81], [82, 83, 84], [85, 86, 87, 88, 89], [90, 91, 92, 93], [94, 95, 96, 97], [98, 99, 100], [101, 102, 103, 104, 105], [106, 107, 108], [109, 110, 111, 112, 113], [114, 115, 116], [117, 118, 119, 120], [121, 122, 123], [124, 125, 126, 127, 128], [129, 130, 131, 132, 133], [134, 135, 136, 137, 138], [139, 140, 141, 142, 143], [144, 145, 146, 147], [148, 149, 150, 151, 152], [153, 154, 155, 156], [157, 158, 159], [160, 161, 162, 163], [164, 165, 166, 167], [168, 169, 170, 171], [172, 173, 174], [175, 176, 177, 178, 179], [180, 181, 182, 183, 184], [185, 186, 187, 188, 189], [190, 191, 192, 193, 194], [195, 196, 197, 198], [199, 200]]",49,46,4.131396785000001,3566,27.262268586,,23,1783
Block=3_Prob=2_n=50_nsets=200,"Vector{T} where T[[1, 2, 3, 4, 5], [6, 7, 8, 9], [10, 11, 12], [13, 14, 15], [16, 17, 18, 19], [20, 21, 22, 23, 24], [25, 26, 27, 28], [29, 30, 31, 32], [33, 34, 35, 36], [37, 38, 39, 40, 41], [42, 43, 44, 45, 46], [47, 48, 49], [50, 51, 52, 53], [54, 55, 56], [57, 58, 59, 60], [61, 62, 63, 64], [65, 66, 67], [68, 69, 70, 71, 72], [73, 74, 75, 76], [77, 78, 79, 80, 81], [82, 83, 84], [85, 86, 87, 88, 89], [90, 91, 92, 93], [94, 95, 96, 97], [98, 99, 100], [101, 102, 103, 104, 105], [106, 107, 108], [109, 110, 111, 112, 113], [114, 115, 116], [117, 118, 119, 120], [121, 122, 123], [124, 125, 126, 127, 128], [129, 130, 131, 132, 133], [134, 135, 136, 137, 138], [139, 140, 141, 142, 143], [144, 145, 146, 147], [148, 149, 150, 151, 152], [153, 154, 155, 156], [157, 158, 159], [160, 161, 162, 163], [164, 165, 166, 167], [168, 169, 170, 171], [172, 173, 174], [175, 176, 177, 178, 179], [180, 181, 182, 183, 184], [185, 186, 187, 188, 189], [190, 191, 192, 193, 194], [195, 196, 197, 198], [199, 200]]",49,614,3.7078434105,13326,43.803115539000004,,307,6663
Block=4_Prob=1_n=50_nsets=200,"Vector{T} where T[[1, 2, 3], [4, 5, 6], [7, 8, 9, 10, 11], [12, 13, 14], [15, 16, 17], [18, 19, 20, 21], [22, 23, 24, 25], [26, 27, 28, 29], [30, 31, 32, 33, 34], [35, 36, 37], [38, 39, 40], [41, 42, 43], [44, 45, 46, 47], [48, 49, 50], [51, 52, 53], [54, 55, 56, 57, 58], [59, 60, 61, 62, 63], [64, 65, 66, 67], [68, 69, 70, 71, 72], [73, 74, 75], [76, 77, 78, 79, 80], [81, 82, 83, 84], [85, 86, 87, 88], [89, 90, 91, 92], [93, 94, 95], [96, 97, 98], [99, 100, 101], [102, 103, 104, 105], [106, 107, 108, 109], [110, 111, 112, 113, 114], [115, 116, 117, 118, 119], [120, 121, 122, 123, 124], [125, 126, 127, 128, 129], [130, 131, 132], [133, 134, 135, 136], [137, 138, 139], [140, 141, 142, 143], [144, 145, 146, 147], [148, 149, 150, 151, 152], [153, 154, 155, 156, 157], [158, 159, 160, 161, 162], [163, 164, 165, 166, 167], [168, 169, 170], [171, 172, 173, 174], [175, 176, 177], [178, 179, 180], [181, 182, 183], [184, 185, 186, 187, 188], [189, 190, 191, 192], [193, 194, 195], [196, 197, 198], [199, 200]]",52,138,3.4820395095000003,2892,27.588780454000002,,69,1446
Block=4_Prob=2_n=50_nsets=200,"Vector{T} where T[[1, 2, 3], [4, 5, 6], [7, 8, 9, 10, 11], [12, 13, 14], [15, 16, 17], [18, 19, 20, 21], [22, 23, 24, 25], [26, 27, 28, 29], [30, 31, 32, 33, 34], [35, 36, 37], [38, 39, 40], [41, 42, 43], [44, 45, 46, 47], [48, 49, 50], [51, 52, 53], [54, 55, 56, 57, 58], [59, 60, 61, 62, 63], [64, 65, 66, 67], [68, 69, 70, 71, 72], [73, 74, 75], [76, 77, 78, 79, 80], [81, 82, 83, 84], [85, 86, 87, 88], [89, 90, 91, 92], [93, 94, 95], [96, 97, 98], [99, 100, 101], [102, 103, 104, 105], [106, 107, 108, 109], [110, 111, 112, 113, 114], [115, 116, 117, 118, 119], [120, 121, 122, 123, 124], [125, 126, 127, 128, 129], [130, 131, 132], [133, 134, 135, 136], [137, 138, 139], [140, 141, 142, 143], [144, 145, 146, 147], [148, 149, 150, 151, 152], [153, 154, 155, 156, 157], [158, 159, 160, 161, 162], [163, 164, 165, 166, 167], [168, 169, 170], [171, 172, 173, 174], [175, 176, 177], [178, 179, 180], [181, 182, 183], [184, 185, 186, 187, 188], [189, 190, 191, 192], [193, 194, 195], [196, 197, 198], [199, 200]]",52,96,3.7637506605000004,2860,12.893496738000001,,48,1430
Block=5_Prob=1_n=50_nsets=200,"Vector{T} where T[[1, 2, 3, 4, 5], [6, 7, 8, 9, 10], [11, 12, 13, 14, 15], [16, 17, 18, 19, 20], [21, 22, 23], [24, 25, 26, 27], [28, 29, 30, 31], [32, 33, 34, 35, 36], [37, 38, 39, 40], [41, 42, 43], [44, 45, 46, 47, 48], [49, 50, 51], [52, 53, 54], [55, 56, 57, 58, 59], [60, 61, 62], [63, 64, 65, 66, 67], [68, 69, 70, 71], [72, 73, 74, 75, 76], [77, 78, 79, 80, 81], [82, 83, 84], [85, 86, 87, 88], [89, 90, 91, 92], [93, 94, 95], [96, 97, 98], [99, 100, 101], [102, 103, 104], [105, 106, 107, 108], [109, 110, 111], [112, 113, 114, 115, 116], [117, 118, 119, 120], [121, 122, 123], [124, 125, 126, 127, 128], [129, 130, 131, 132], [133, 134, 135], [136, 137, 138, 139], [140, 141, 142, 143], [144, 145, 146, 147], [148, 149, 150, 151, 152], [153, 154, 155, 156, 157], [158, 159, 160], [161, 162, 163, 164], [165, 166, 167], [168, 169, 170], [171, 172, 173, 174, 175], [176, 177, 178, 179], [180, 181, 182, 183, 184], [185, 186, 187, 188, 189], [190, 191, 192, 193], [194, 195, 196, 197, 198], [199, 200]]",50,314,4.364848826,7650,51.928273115,,157,3825
Block=5_Prob=2_n=50_nsets=200,"Vector{T} where T[[1, 2, 3, 4, 5], [6, 7, 8, 9, 10], [11, 12, 13, 14, 15], [16, 17, 18, 19, 20], [21, 22, 23], [24, 25, 26, 27], [28, 29, 30, 31], [32, 33, 34, 35, 36], [37, 38, 39, 40], [41, 42, 43], [44, 45, 46, 47, 48], [49, 50, 51], [52, 53, 54], [55, 56, 57, 58, 59], [60, 61, 62], [63, 64, 65, 66, 67], [68, 69, 70, 71], [72, 73, 74, 75, 76], [77, 78, 79, 80, 81], [82, 83, 84], [85, 86, 87, 88], [89, 90, 91, 92], [93, 94, 95], [96, 97, 98], [99, 100, 101], [102, 103, 104], [105, 106, 107, 108], [109, 110, 111], [112, 113, 114, 115, 116], [117, 118, 119, 120], [121, 122, 123], [124, 125, 126, 127, 128], [129, 130, 131, 132], [133, 134, 135], [136, 137, 138, 139], [140, 141, 142, 143], [144, 145, 146, 147], [148, 149, 150, 151, 152], [153, 154, 155, 156, 157], [158, 159, 160], [161, 162, 163, 164], [165, 166, 167], [168, 169, 170], [171, 172, 173, 174, 175], [176, 177, 178, 179], [180, 181, 182, 183, 184], [185, 186, 187, 188, 189], [190, 191, 192, 193], [194, 195, 196, 197, 198], [199, 200]]",50,488,4.737446578,3154,27.671822937,,244,1577
Block=1_Prob=1_n=50_nsets=400,"Vector{T} where T[[1, 2, 3, 4], [5, 6, 7, 8, 9], [10, 11, 12], [13, 14, 15], [16, 17, 18], [19, 20, 21, 22, 23], [24, 25, 26, 27, 28], [29, 30, 31], [32, 33, 34, 35, 36], [37, 38, 39], [40, 41, 42, 43], [44, 45, 46, 47, 48], [49, 50, 51], [52, 53, 54, 55], [56, 57, 58], [59, 60, 61, 62, 63], [64, 65, 66, 67], [68, 69, 70, 71, 72], [73, 74, 75, 76, 77], [78, 79, 80, 81, 82], [83, 84, 85, 86], [87, 88, 89, 90, 91], [92, 93, 94, 95], [96, 97, 98, 99, 100], [101, 102, 103, 104], [105, 106, 107, 108, 109], [110, 111, 112, 113], [114, 115, 116], [117, 118, 119, 120, 121], [122, 123, 124], [125, 126, 127], [128, 129, 130, 131, 132], [133, 134, 135], [136, 137, 138, 139, 140], [141, 142, 143], [144, 145, 146, 147], [148, 149, 150, 151], [152, 153, 154, 155], [156, 157, 158], [159, 160, 161, 162], [163, 164, 165], [166, 167, 168, 169, 170], [171, 172, 173, 174, 175], [176, 177, 178, 179], [180, 181, 182, 183], [184, 185, 186, 187], [188, 189, 190, 191, 192], [193, 194, 195, 196, 197], [198, 199, 200], [201, 202, 203, 204, 205], [206, 207, 208, 209, 210], [211, 212, 213], [214, 215, 216, 217, 218], [219, 220, 221, 222], [223, 224, 225], [226, 227, 228, 229], [230, 231, 232, 233, 234], [235, 236, 237, 238, 239], [240, 241, 242], [243, 244, 245, 246, 247], [248, 249, 250, 251, 252], [253, 254, 255, 256], [257, 258, 259, 260, 261], [262, 263, 264, 265], [266, 267, 268], [269, 270, 271, 272, 273], [274, 275, 276, 277], [278, 279, 280, 281], [282, 283, 284, 285], [286, 287, 288, 289, 290], [291, 292, 293], [294, 295, 296, 297, 298], [299, 300, 301, 302], [303, 304, 305, 306, 307], [308, 309, 310, 311, 312], [313, 314, 315, 316, 317], [318, 319, 320, 321, 322], [323, 324, 325, 326, 327], [328, 329, 330, 331, 332], [333, 334, 335, 336, 337], [338, 339, 340], [341, 342, 343], [344, 345, 346, 347], [348, 349, 350], [351, 352, 353, 354], [355, 356, 357], [358, 359, 360, 361, 362], [363, 364, 365, 366], [367, 368, 369, 370], [371, 372, 373], [374, 375, 376], [377, 378, 379, 380], [381, 382, 383, 384, 385], [386, 387, 388, 389, 390], [391, 392, 393], [394, 395, 396, 397], [398, 399, 400]]",97,126,12.582419488000001,11746,76.69701570400001,,63,5873
Block=1_Prob=2_n=50_nsets=400,"Vector{T} where T[[1, 2, 3, 4], [5, 6, 7, 8, 9], [10, 11, 12], [13, 14, 15], [16, 17, 18], [19, 20, 21, 22, 23], [24, 25, 26, 27, 28], [29, 30, 31], [32, 33, 34, 35, 36], [37, 38, 39], [40, 41, 42, 43], [44, 45, 46, 47, 48], [49, 50, 51], [52, 53, 54, 55], [56, 57, 58], [59, 60, 61, 62, 63], [64, 65, 66, 67], [68, 69, 70, 71, 72], [73, 74, 75, 76, 77], [78, 79, 80, 81, 82], [83, 84, 85, 86], [87, 88, 89, 90, 91], [92, 93, 94, 95], [96, 97, 98, 99, 100], [101, 102, 103, 104], [105, 106, 107, 108, 109], [110, 111, 112, 113], [114, 115, 116], [117, 118, 119, 120, 121], [122, 123, 124], [125, 126, 127], [128, 129, 130, 131, 132], [133, 134, 135], [136, 137, 138, 139, 140], [141, 142, 143], [144, 145, 146, 147], [148, 149, 150, 151], [152, 153, 154, 155], [156, 157, 158], [159, 160, 161, 162], [163, 164, 165], [166, 167, 168, 169, 170], [171, 172, 173, 174, 175], [176, 177, 178, 179], [180, 181, 182, 183], [184, 185, 186, 187], [188, 189, 190, 191, 192], [193, 194, 195, 196, 197], [198, 199, 200], [201, 202, 203, 204, 205], [206, 207, 208, 209, 210], [211, 212, 213], [214, 215, 216, 217, 218], [219, 220, 221, 222], [223, 224, 225], [226, 227, 228, 229], [230, 231, 232, 233, 234], [235, 236, 237, 238, 239], [240, 241, 242], [243, 244, 245, 246, 247], [248, 249, 250, 251, 252], [253, 254, 255, 256], [257, 258, 259, 260, 261], [262, 263, 264, 265], [266, 267, 268], [269, 270, 271, 272, 273], [274, 275, 276, 277], [278, 279, 280, 281], [282, 283, 284, 285], [286, 287, 288, 289, 290], [291, 292, 293], [294, 295, 296, 297, 298], [299, 300, 301, 302], [303, 304, 305, 306, 307], [308, 309, 310, 311, 312], [313, 314, 315, 316, 317], [318, 319, 320, 321, 322], [323, 324, 325, 326, 327], [328, 329, 330, 331, 332], [333, 334, 335, 336, 337], [338, 339, 340], [341, 342, 343], [344, 345, 346, 347], [348, 349, 350], [351, 352, 353, 354], [355, 356, 357], [358, 359, 360, 361, 362], [363, 364, 365, 366], [367, 368, 369, 370], [371, 372, 373], [374, 375, 376], [377, 378, 379, 380], [381, 382, 383, 384, 385], [386, 387, 388, 389, 390], [391, 392, 393], [394, 395, 396, 397], [398, 399, 400]]",97,466,6.406135793000001,8828,120.696086088,,233,4414
Block=2_Prob=1_n=50_nsets=400,"Vector{T} where T[[1, 2, 3, 4, 5], [6, 7, 8, 9], [10, 11, 12], [13, 14, 15], [16, 17, 18, 19], [20, 21, 22, 23, 24], [25, 26, 27, 28], [29, 30, 31, 32], [33, 34, 35, 36], [37, 38, 39, 40, 41], [42, 43, 44, 45, 46], [47, 48, 49], [50, 51, 52, 53], [54, 55, 56], [57, 58, 59, 60], [61, 62, 63, 64], [65, 66, 67], [68, 69, 70, 71, 72], [73, 74, 75, 76], [77, 78, 79, 80, 81], [82, 83, 84], [85, 86, 87, 88, 89], [90, 91, 92, 93], [94, 95, 96, 97], [98, 99, 100], [101, 102, 103, 104, 105], [106, 107, 108], [109, 110, 111, 112, 113], [114, 115, 116], [117, 118, 119, 120], [121, 122, 123], [124, 125, 126, 127, 128], [129, 130, 131, 132, 133], [134, 135, 136, 137, 138], [139, 140, 141, 142, 143], [144, 145, 146, 147], [148, 149, 150, 151, 152], [153, 154, 155, 156], [157, 158, 159], [160, 161, 162, 163], [164, 165, 166, 167], [168, 169, 170, 171], [172, 173, 174], [175, 176, 177, 178, 179], [180, 181, 182, 183, 184], [185, 186, 187, 188, 189], [190, 191, 192, 193, 194], [195, 196, 197, 198], [199, 200, 201, 202], [203, 204, 205], [206, 207, 208], [209, 210, 211, 212, 213], [214, 215, 216], [217, 218, 219], [220, 221, 222, 223], [224, 225, 226, 227], [228, 229, 230, 231], [232, 233, 234, 235, 236], [237, 238, 239], [240, 241, 242], [243, 244, 245], [246, 247, 248, 249], [250, 251, 252], [253, 254, 255], [256, 257, 258, 259, 260], [261, 262, 263, 264, 265], [266, 267, 268, 269], [270, 271, 272, 273, 274], [275, 276, 277], [278, 279, 280, 281, 282], [283, 284, 285, 286], [287, 288, 289, 290], [291, 292, 293, 294], [295, 296, 297], [298, 299, 300], [301, 302, 303], [304, 305, 306, 307], [308, 309, 310, 311], [312, 313, 314, 315, 316], [317, 318, 319, 320, 321], [322, 323, 324, 325, 326], [327, 328, 329, 330, 331], [332, 333, 334], [335, 336, 337, 338], [339, 340, 341], [342, 343, 344, 345], [346, 347, 348, 349], [350, 351, 352, 353, 354], [355, 356, 357, 358, 359], [360, 361, 362, 363, 364], [365, 366, 367, 368, 369], [370, 371, 372], [373, 374, 375, 376], [377, 378, 379], [380, 381, 382], [383, 384, 385], [386, 387, 388, 389, 390], [391, 392, 393, 394], [395, 396, 397], [398, 399, 400]]",100,140,6.800288548,7624,66.566989812,,70,3812
Block=2_Prob=2_n=50_nsets=400,"Vector{T} where T[[1, 2, 3, 4, 5], [6, 7, 8, 9], [10, 11, 12], [13, 14, 15], [16, 17, 18, 19], [20, 21, 22, 23, 24], [25, 26, 27, 28], [29, 30, 31, 32], [33, 34, 35, 36], [37, 38, 39, 40, 41], [42, 43, 44, 45, 46], [47, 48, 49], [50, 51, 52, 53], [54, 55, 56], [57, 58, 59, 60], [61, 62, 63, 64], [65, 66, 67], [68, 69, 70, 71, 72], [73, 74, 75, 76], [77, 78, 79, 80, 81], [82, 83, 84], [85, 86, 87, 88, 89], [90, 91, 92, 93], [94, 95, 96, 97], [98, 99, 100], [101, 102, 103, 104, 105], [106, 107, 108], [109, 110, 111, 112, 113], [114, 115, 116], [117, 118, 119, 120], [121, 122, 123], [124, 125, 126, 127, 128], [129, 130, 131, 132, 133], [134, 135, 136, 137, 138], [139, 140, 141, 142, 143], [144, 145, 146, 147], [148, 149, 150, 151, 152], [153, 154, 155, 156], [157, 158, 159], [160, 161, 162, 163], [164, 165, 166, 167], [168, 169, 170, 171], [172, 173, 174], [175, 176, 177, 178, 179], [180, 181, 182, 183, 184], [185, 186, 187, 188, 189], [190, 191, 192, 193, 194], [195, 196, 197, 198], [199, 200, 201, 202], [203, 204, 205], [206, 207, 208], [209, 210, 211, 212, 213], [214, 215, 216], [217, 218, 219], [220, 221, 222, 223], [224, 225, 226, 227], [228, 229, 230, 231], [232, 233, 234, 235, 236], [237, 238, 239], [240, 241, 242], [243, 244, 245], [246, 247, 248, 249], [250, 251, 252], [253, 254, 255], [256, 257, 258, 259, 260], [261, 262, 263, 264, 265], [266, 267, 268, 269], [270, 271, 272, 273, 274], [275, 276, 277], [278, 279, 280, 281, 282], [283, 284, 285, 286], [287, 288, 289, 290], [291, 292, 293, 294], [295, 296, 297], [298, 299, 300], [301, 302, 303], [304, 305, 306, 307], [308, 309, 310, 311], [312, 313, 314, 315, 316], [317, 318, 319, 320, 321], [322, 323, 324, 325, 326], [327, 328, 329, 330, 331], [332, 333, 334], [335, 336, 337, 338], [339, 340, 341], [342, 343, 344, 345], [346, 347, 348, 349], [350, 351, 352, 353, 354], [355, 356, 357, 358, 359], [360, 361, 362, 363, 364], [365, 366, 367, 368, 369], [370, 371, 372], [373, 374, 375, 376], [377, 378, 379], [380, 381, 382], [383, 384, 385], [386, 387, 388, 389, 390], [391, 392, 393, 394], [395, 396, 397], [398, 399, 400]]",100,134,7.283179312000001,3172,32.442131875,,67,1586
Block=3_Prob=1_n=50_nsets=400,"Vector{T} where T[[1, 2, 3], [4, 5, 6, 7, 8], [9, 10, 11, 12, 13], [14, 15, 16, 17, 18], [19, 20, 21, 22, 23], [24, 25, 26], [27, 28, 29, 30], [31, 32, 33, 34], [35, 36, 37, 38, 39], [40, 41, 42, 43], [44, 45, 46], [47, 48, 49, 50, 51], [52, 53, 54], [55, 56, 57], [58, 59, 60, 61, 62], [63, 64, 65], [66, 67, 68, 69, 70], [71, 72, 73, 74], [75, 76, 77, 78, 79], [80, 81, 82, 83, 84], [85, 86, 87], [88, 89, 90, 91], [92, 93, 94, 95], [96, 97, 98], [99, 100, 101], [102, 103, 104], [105, 106, 107], [108, 109, 110, 111], [112, 113, 114], [115, 116, 117, 118, 119], [120, 121, 122, 123], [124, 125, 126], [127, 128, 129, 130, 131], [132, 133, 134, 135], [136, 137, 138], [139, 140, 141, 142], [143, 144, 145, 146], [147, 148, 149, 150], [151, 152, 153, 154, 155], [156, 157, 158, 159, 160], [161, 162, 163], [164, 165, 166, 167], [168, 169, 170], [171, 172, 173], [174, 175, 176, 177, 178], [179, 180, 181, 182], [183, 184, 185, 186, 187], [188, 189, 190, 191, 192], [193, 194, 195, 196], [197, 198, 199, 200, 201], [202, 203, 204, 205, 206], [207, 208, 209, 210], [211, 212, 213, 214], [215, 216, 217], [218, 219, 220, 221], [222, 223, 224, 225], [226, 227, 228, 229, 230], [231, 232, 233, 234, 235], [236, 237, 238], [239, 240, 241, 242], [243, 244, 245, 246], [247, 248, 249, 250], [251, 252, 253], [254, 255, 256, 257, 258], [259, 260, 261, 262, 263], [264, 265, 266], [267, 268, 269, 270], [271, 272, 273], [274, 275, 276], [277, 278, 279, 280, 281], [282, 283, 284, 285, 286], [287, 288, 289, 290, 291], [292, 293, 294], [295, 296, 297, 298, 299], [300, 301, 302, 303, 304], [305, 306, 307, 308, 309], [310, 311, 312, 313], [314, 315, 316, 317], [318, 319, 320], [321, 322, 323, 324, 325], [326, 327, 328], [329, 330, 331, 332, 333], [334, 335, 336, 337], [338, 339, 340, 341], [342, 343, 344, 345], [346, 347, 348], [349, 350, 351, 352], [353, 354, 355, 356], [357, 358, 359, 360], [361, 362, 363, 364, 365], [366, 367, 368], [369, 370, 371], [372, 373, 374], [375, 376, 377], [378, 379, 380], [381, 382, 383, 384], [385, 386, 387, 388, 389], [390, 391, 392], [393, 394, 395, 396], [397, 398, 399, 400]]",100,468,7.559356348000001,8050,35.372404698000004,,234,4025
Block=3_Prob=2_n=50_nsets=400,"Vector{T} where T[[1, 2, 3], [4, 5, 6, 7, 8], [9, 10, 11, 12, 13], [14, 15, 16, 17, 18], [19, 20, 21, 22, 23], [24, 25, 26], [27, 28, 29, 30], [31, 32, 33, 34], [35, 36, 37, 38, 39], [40, 41, 42, 43], [44, 45, 46], [47, 48, 49, 50, 51], [52, 53, 54], [55, 56, 57], [58, 59, 60, 61, 62], [63, 64, 65], [66, 67, 68, 69, 70], [71, 72, 73, 74], [75, 76, 77, 78, 79], [80, 81, 82, 83, 84], [85, 86, 87], [88, 89, 90, 91], [92, 93, 94, 95], [96, 97, 98], [99, 100, 101], [102, 103, 104], [105, 106, 107], [108, 109, 110, 111], [112, 113, 114], [115, 116, 117, 118, 119], [120, 121, 122, 123], [124, 125, 126], [127, 128, 129, 130, 131], [132, 133, 134, 135], [136, 137, 138], [139, 140, 141, 142], [143, 144, 145, 146], [147, 148, 149, 150], [151, 152, 153, 154, 155], [156, 157, 158, 159, 160], [161, 162, 163], [164, 165, 166, 167], [168, 169, 170], [171, 172, 173], [174, 175, 176, 177, 178], [179, 180, 181, 182], [183, 184, 185, 186, 187], [188, 189, 190, 191, 192], [193, 194, 195, 196], [197, 198, 199, 200, 201], [202, 203, 204, 205, 206], [207, 208, 209, 210], [211, 212, 213, 214], [215, 216, 217], [218, 219, 220, 221], [222, 223, 224, 225], [226, 227, 228, 229, 230], [231, 232, 233, 234, 235], [236, 237, 238], [239, 240, 241, 242], [243, 244, 245, 246], [247, 248, 249, 250], [251, 252, 253], [254, 255, 256, 257, 258], [259, 260, 261, 262, 263], [264, 265, 266], [267, 268, 269, 270], [271, 272, 273], [274, 275, 276], [277, 278, 279, 280, 281], [282, 283, 284, 285, 286], [287, 288, 289, 290, 291], [292, 293, 294], [295, 296, 297, 298, 299], [300, 301, 302, 303, 304], [305, 306, 307, 308, 309], [310, 311, 312, 313], [314, 315, 316, 317], [318, 319, 320], [321, 322, 323, 324, 325], [326, 327, 328], [329, 330, 331, 332, 333], [334, 335, 336, 337], [338, 339, 340, 341], [342, 343, 344, 345], [346, 347, 348], [349, 350, 351, 352], [353, 354, 355, 356], [357, 358, 359, 360], [361, 362, 363, 364, 365], [366, 367, 368], [369, 370, 371], [372, 373, 374], [375, 376, 377], [378, 379, 380], [381, 382, 383, 384], [385, 386, 387, 388, 389], [390, 391, 392], [393, 394, 395, 396], [397, 398, 399, 400]]",100,148,6.610689505000001,7722,36.452500083000004,,74,3861
Block=4_Prob=1_n=50_nsets=400,"Vector{T} where T[[1, 2, 3, 4], [5, 6, 7, 8], [9, 10, 11], [12, 13, 14], [15, 16, 17, 18], [19, 20, 21, 22, 23], [24, 25, 26, 27], [28, 29, 30, 31], [32, 33, 34, 35], [36, 37, 38, 39], [40, 41, 42, 43, 44], [45, 46, 47, 48, 49], [50, 51, 52, 53], [54, 55, 56, 57, 58], [59, 60, 61, 62, 63], [64, 65, 66, 67, 68], [69, 70, 71], [72, 73, 74, 75, 76], [77, 78, 79, 80, 81], [82, 83, 84], [85, 86, 87], [88, 89, 90], [91, 92, 93, 94, 95], [96, 97, 98, 99, 100], [101, 102, 103], [104, 105, 106, 107], [108, 109, 110, 111], [112, 113, 114, 115], [116, 117, 118, 119], [120, 121, 122, 123, 124], [125, 126, 127, 128], [129, 130, 131], [132, 133, 134, 135, 136], [137, 138, 139], [140, 141, 142, 143], [144, 145, 146], [147, 148, 149, 150, 151], [152, 153, 154, 155], [156, 157, 158], [159, 160, 161, 162], [163, 164, 165, 166], [167, 168, 169], [170, 171, 172, 173], [174, 175, 176, 177, 178], [179, 180, 181], [182, 183, 184], [185, 186, 187, 188, 189], [190, 191, 192, 193, 194], [195, 196, 197], [198, 199, 200], [201, 202, 203], [204, 205, 206], [207, 208, 209, 210], [211, 212, 213], [214, 215, 216], [217, 218, 219, 220, 221], [222, 223, 224], [225, 226, 227, 228], [229, 230, 231, 232, 233], [234, 235, 236, 237], [238, 239, 240, 241], [242, 243, 244, 245], [246, 247, 248], [249, 250, 251, 252], [253, 254, 255, 256], [257, 258, 259, 260], [261, 262, 263, 264], [265, 266, 267], [268, 269, 270, 271, 272], [273, 274, 275, 276], [277, 278, 279, 280, 281], [282, 283, 284, 285], [286, 287, 288, 289], [290, 291, 292, 293, 294], [295, 296, 297], [298, 299, 300, 301], [302, 303, 304, 305], [306, 307, 308, 309, 310], [311, 312, 313, 314], [315, 316, 317], [318, 319, 320], [321, 322, 323, 324, 325], [326, 327, 328, 329, 330], [331, 332, 333, 334], [335, 336, 337], [338, 339, 340, 341, 342], [343, 344, 345], [346, 347, 348, 349], [350, 351, 352], [353, 354, 355, 356], [357, 358, 359, 360], [361, 362, 363], [364, 365, 366, 367, 368], [369, 370, 371, 372, 373], [374, 375, 376, 377, 378], [379, 380, 381], [382, 383, 384, 385, 386], [387, 388, 389, 390], [391, 392, 393, 394, 395], [396, 397, 398, 399, 400]]",100,276,6.583947823000001,15298,50.089406368000006,,138,7649
Block=4_Prob=2_n=50_nsets=400,"Vector{T} where T[[1, 2, 3, 4], [5, 6, 7, 8], [9, 10, 11], [12, 13, 14], [15, 16, 17, 18], [19, 20, 21, 22, 23], [24, 25, 26, 27], [28, 29, 30, 31], [32, 33, 34, 35], [36, 37, 38, 39], [40, 41, 42, 43, 44], [45, 46, 47, 48, 49], [50, 51, 52, 53], [54, 55, 56, 57, 58], [59, 60, 61, 62, 63], [64, 65, 66, 67, 68], [69, 70, 71], [72, 73, 74, 75, 76], [77, 78, 79, 80, 81], [82, 83, 84], [85, 86, 87], [88, 89, 90], [91, 92, 93, 94, 95], [96, 97, 98, 99, 100], [101, 102, 103], [104, 105, 106, 107], [108, 109, 110, 111], [112, 113, 114, 115], [116, 117, 118, 119], [120, 121, 122, 123, 124], [125, 126, 127, 128], [129, 130, 131], [132, 133, 134, 135, 136], [137, 138, 139], [140, 141, 142, 143], [144, 145, 146], [147, 148, 149, 150, 151], [152, 153, 154, 155], [156, 157, 158], [159, 160, 161, 162], [163, 164, 165, 166], [167, 168, 169], [170, 171, 172, 173], [174, 175, 176, 177, 178], [179, 180, 181], [182, 183, 184], [185, 186, 187, 188, 189], [190, 191, 192, 193, 194], [195, 196, 197], [198, 199, 200], [201, 202, 203], [204, 205, 206], [207, 208, 209, 210], [211, 212, 213], [214, 215, 216], [217, 218, 219, 220, 221], [222, 223, 224], [225, 226, 227, 228], [229, 230, 231, 232, 233], [234, 235, 236, 237], [238, 239, 240, 241], [242, 243, 244, 245], [246, 247, 248], [249, 250, 251, 252], [253, 254, 255, 256], [257, 258, 259, 260], [261, 262, 263, 264], [265, 266, 267], [268, 269, 270, 271, 272], [273, 274, 275, 276], [277, 278, 279, 280, 281], [282, 283, 284, 285], [286, 287, 288, 289], [290, 291, 292, 293, 294], [295, 296, 297], [298, 299, 300, 301], [302, 303, 304, 305], [306, 307, 308, 309, 310], [311, 312, 313, 314], [315, 316, 317], [318, 319, 320], [321, 322, 323, 324, 325], [326, 327, 328, 329, 330], [331, 332, 333, 334], [335, 336, 337], [338, 339, 340, 341, 342], [343, 344, 345], [346, 347, 348, 349], [350, 351, 352], [353, 354, 355, 356], [357, 358, 359, 360], [361, 362, 363], [364, 365, 366, 367, 368], [369, 370, 371, 372, 373], [374, 375, 376, 377, 378], [379, 380, 381], [382, 383, 384, 385, 386], [387, 388, 389, 390], [391, 392, 393, 394, 395], [396, 397, 398, 399, 400]]",100,368,8.881777895,12504,30.221657837000002,,184,6252
Block=5_Prob=1_n=50_nsets=400,"Vector{T} where T[[1, 2, 3, 4], [5, 6, 7, 8, 9], [10, 11, 12, 13], [14, 15, 16, 17], [18, 19, 20, 21, 22], [23, 24, 25, 26, 27], [28, 29, 30, 31], [32, 33, 34], [35, 36, 37], [38, 39, 40, 41, 42], [43, 44, 45], [46, 47, 48, 49, 50], [51, 52, 53], [54, 55, 56, 57, 58], [59, 60, 61, 62], [63, 64, 65], [66, 67, 68], [69, 70, 71, 72, 73], [74, 75, 76, 77, 78], [79, 80, 81, 82, 83], [84, 85, 86, 87, 88], [89, 90, 91], [92, 93, 94], [95, 96, 97, 98, 99], [100, 101, 102, 103, 104], [105, 106, 107, 108], [109, 110, 111], [112, 113, 114, 115], [116, 117, 118, 119], [120, 121, 122], [123, 124, 125, 126, 127], [128, 129, 130], [131, 132, 133], [134, 135, 136, 137, 138], [139, 140, 141, 142], [143, 144, 145, 146, 147], [148, 149, 150, 151], [152, 153, 154], [155, 156, 157, 158, 159], [160, 161, 162, 163], [164, 165, 166, 167], [168, 169, 170, 171], [172, 173, 174], [175, 176, 177], [178, 179, 180, 181, 182], [183, 184, 185, 186, 187], [188, 189, 190, 191, 192], [193, 194, 195, 196], [197, 198, 199, 200, 201], [202, 203, 204, 205, 206], [207, 208, 209], [210, 211, 212], [213, 214, 215, 216, 217], [218, 219, 220, 221], [222, 223, 224, 225], [226, 227, 228, 229, 230], [231, 232, 233, 234], [235, 236, 237, 238], [239, 240, 241, 242, 243], [244, 245, 246], [247, 248, 249], [250, 251, 252, 253], [254, 255, 256], [257, 258, 259], [260, 261, 262, 263], [264, 265, 266], [267, 268, 269, 270], [271, 272, 273], [274, 275, 276, 277, 278], [279, 280, 281], [282, 283, 284], [285, 286, 287, 288], [289, 290, 291], [292, 293, 294, 295, 296], [297, 298, 299], [300, 301, 302, 303, 304], [305, 306, 307], [308, 309, 310, 311, 312], [313, 314, 315, 316], [317, 318, 319, 320], [321, 322, 323, 324], [325, 326, 327], [328, 329, 330], [331, 332, 333, 334], [335, 336, 337, 338, 339], [340, 341, 342], [343, 344, 345], [346, 347, 348, 349], [350, 351, 352, 353], [354, 355, 356, 357, 358], [359, 360, 361, 362, 363], [364, 365, 366], [367, 368, 369, 370, 371], [372, 373, 374], [375, 376, 377, 378], [379, 380, 381, 382], [383, 384, 385, 386, 387], [388, 389, 390], [391, 392, 393, 394, 395], [396, 397, 398, 399, 400]]",100,550,8.950107306000001,14714,96.183169011,,275,7357
Block=5_Prob=2_n=50_nsets=400,"Vector{T} where T[[1, 2, 3, 4], [5, 6, 7, 8, 9], [10, 11, 12, 13], [14, 15, 16, 17], [18, 19, 20, 21, 22], [23, 24, 25, 26, 27], [28, 29, 30, 31], [32, 33, 34], [35, 36, 37], [38, 39, 40, 41, 42], [43, 44, 45], [46, 47, 48, 49, 50], [51, 52, 53], [54, 55, 56, 57, 58], [59, 60, 61, 62], [63, 64, 65], [66, 67, 68], [69, 70, 71, 72, 73], [74, 75, 76, 77, 78], [79, 80, 81, 82, 83], [84, 85, 86, 87, 88], [89, 90, 91], [92, 93, 94], [95, 96, 97, 98, 99], [100, 101, 102, 103, 104], [105, 106, 107, 108], [109, 110, 111], [112, 113, 114, 115], [116, 117, 118, 119], [120, 121, 122], [123, 124, 125, 126, 127], [128, 129, 130], [131, 132, 133], [134, 135, 136, 137, 138], [139, 140, 141, 142], [143, 144, 145, 146, 147], [148, 149, 150, 151], [152, 153, 154], [155, 156, 157, 158, 159], [160, 161, 162, 163], [164, 165, 166, 167], [168, 169, 170, 171], [172, 173, 174], [175, 176, 177], [178, 179, 180, 181, 182], [183, 184, 185, 186, 187], [188, 189, 190, 191, 192], [193, 194, 195, 196], [197, 198, 199, 200, 201], [202, 203, 204, 205, 206], [207, 208, 209], [210, 211, 212], [213, 214, 215, 216, 217], [218, 219, 220, 221], [222, 223, 224, 225], [226, 227, 228, 229, 230], [231, 232, 233, 234], [235, 236, 237, 238], [239, 240, 241, 242, 243], [244, 245, 246], [247, 248, 249], [250, 251, 252, 253], [254, 255, 256], [257, 258, 259], [260, 261, 262, 263], [264, 265, 266], [267, 268, 269, 270], [271, 272, 273], [274, 275, 276, 277, 278], [279, 280, 281], [282, 283, 284], [285, 286, 287, 288], [289, 290, 291], [292, 293, 294, 295, 296], [297, 298, 299], [300, 301, 302, 303, 304], [305, 306, 307], [308, 309, 310, 311, 312], [313, 314, 315, 316], [317, 318, 319, 320], [321, 322, 323, 324], [325, 326, 327], [328, 329, 330], [331, 332, 333, 334], [335, 336, 337, 338, 339], [340, 341, 342], [343, 344, 345], [346, 347, 348, 349], [350, 351, 352, 353], [354, 355, 356, 357, 358], [359, 360, 361, 362, 363], [364, 365, 366], [367, 368, 369, 370, 371], [372, 373, 374], [375, 376, 377, 378], [379, 380, 381, 382], [383, 384, 385, 386, 387], [388, 389, 390], [391, 392, 393, 394, 395], [396, 397, 398, 399, 400]]",100,252,8.101414647,12512,67.525113444,,126,6256
Block=1_Prob=1_n=50_nsets=800,"Vector{T} where T[[1, 2, 3, 4], [5, 6, 7, 8, 9], [10, 11, 12], [13, 14, 15], [16, 17, 18], [19, 20, 21, 22, 23], [24, 25, 26, 27, 28], [29, 30, 31], [32, 33, 34, 35, 36], [37, 38, 39], [40, 41, 42, 43], [44, 45, 46, 47, 48], [49, 50, 51], [52, 53, 54, 55], [56, 57, 58], [59, 60, 61, 62, 63], [64, 65, 66, 67], [68, 69, 70, 71, 72], [73, 74, 75, 76, 77], [78, 79, 80, 81, 82], [83, 84, 85, 86], [87, 88, 89, 90, 91], [92, 93, 94, 95], [96, 97, 98, 99, 100], [101, 102, 103, 104], [105, 106, 107, 108, 109], [110, 111, 112, 113], [114, 115, 116], [117, 118, 119, 120, 121], [122, 123, 124], [125, 126, 127], [128, 129, 130, 131, 132], [133, 134, 135], [136, 137, 138, 139, 140], [141, 142, 143], [144, 145, 146, 147], [148, 149, 150, 151], [152, 153, 154, 155], [156, 157, 158], [159, 160, 161, 162], [163, 164, 165], [166, 167, 168, 169, 170], [171, 172, 173, 174, 175], [176, 177, 178, 179], [180, 181, 182, 183], [184, 185, 186, 187], [188, 189, 190, 191, 192], [193, 194, 195, 196, 197], [198, 199, 200], [201, 202, 203, 204, 205], [206, 207, 208, 209, 210], [211, 212, 213], [214, 215, 216, 217, 218], [219, 220, 221, 222], [223, 224, 225], [226, 227, 228, 229], [230, 231, 232, 233, 234], [235, 236, 237, 238, 239], [240, 241, 242], [243, 244, 245, 246, 247], [248, 249, 250, 251, 252], [253, 254, 255, 256], [257, 258, 259, 260, 261], [262, 263, 264, 265], [266, 267, 268], [269, 270, 271, 272, 273], [274, 275, 276, 277], [278, 279, 280, 281], [282, 283, 284, 285], [286, 287, 288, 289, 290], [291, 292, 293], [294, 295, 296, 297, 298], [299, 300, 301, 302], [303, 304, 305, 306, 307], [308, 309, 310, 311, 312], [313, 314, 315, 316, 317], [318, 319, 320, 321, 322], [323, 324, 325, 326, 327], [328, 329, 330, 331, 332], [333, 334, 335, 336, 337], [338, 339, 340], [341, 342, 343], [344, 345, 346, 347], [348, 349, 350], [351, 352, 353, 354], [355, 356, 357], [358, 359, 360, 361, 362], [363, 364, 365, 366], [367, 368, 369, 370], [371, 372, 373], [374, 375, 376], [377, 378, 379, 380], [381, 382, 383, 384, 385], [386, 387, 388, 389, 390], [391, 392, 393], [394, 395, 396, 397], [398, 399, 400, 401], [402, 403, 404, 405, 406], [407, 408, 409, 410], [411, 412, 413], [414, 415, 416], [417, 418, 419, 420], [421, 422, 423, 424, 425], [426, 427, 428, 429], [430, 431, 432, 433], [434, 435, 436, 437], [438, 439, 440, 441, 442], [443, 444, 445, 446, 447], [448, 449, 450], [451, 452, 453, 454], [455, 456, 457], [458, 459, 460, 461], [462, 463, 464, 465], [466, 467, 468], [469, 470, 471, 472, 473], [474, 475, 476, 477], [478, 479, 480, 481, 482], [483, 484, 485], [486, 487, 488, 489, 490], [491, 492, 493, 494], [495, 496, 497, 498], [499, 500, 501], [502, 503, 504, 505, 506], [507, 508, 509], [510, 511, 512, 513, 514], [515, 516, 517], [518, 519, 520, 521], [522, 523, 524], [525, 526, 527, 528, 529], [530, 531, 532, 533, 534], [535, 536, 537, 538, 539], [540, 541, 542, 543, 544], [545, 546, 547, 548], [549, 550, 551, 552, 553], [554, 555, 556, 557], [558, 559, 560], [561, 562, 563, 564], [565, 566, 567, 568], [569, 570, 571, 572], [573, 574, 575], [576, 577, 578, 579, 580], [581, 582, 583, 584, 585], [586, 587, 588, 589, 590], [591, 592, 593, 594, 595], [596, 597, 598, 599], [600, 601, 602, 603], [604, 605, 606], [607, 608, 609], [610, 611, 612, 613, 614], [615, 616, 617], [618, 619, 620], [621, 622, 623, 624], [625, 626, 627, 628], [629, 630, 631, 632], [633, 634, 635, 636, 637], [638, 639, 640], [641, 642, 643], [644, 645, 646], [647, 648, 649, 650], [651, 652, 653], [654, 655, 656], [657, 658, 659, 660, 661], [662, 663, 664, 665, 666], [667, 668, 669, 670], [671, 672, 673, 674, 675], [676, 677, 678], [679, 680, 681, 682, 683], [684, 685, 686, 687], [688, 689, 690, 691], [692, 693, 694, 695], [696, 697, 698], [699, 700, 701], [702, 703, 704], [705, 706, 707, 708], [709, 710, 711, 712], [713, 714, 715, 716, 717], [718, 719, 720, 721, 722], [723, 724, 725, 726, 727], [728, 729, 730, 731, 732], [733, 734, 735], [736, 737, 738, 739], [740, 741, 742], [743, 744, 745, 746], [747, 748, 749, 750], [751, 752, 753, 754, 755], [756, 757, 758, 759, 760], [761, 762, 763, 764, 765], [766, 767, 768, 769, 770], [771, 772, 773], [774, 775, 776, 777], [778, 779, 780], [781, 782, 783], [784, 785, 786], [787, 788, 789, 790, 791], [792, 793, 794, 795], [796, 797, 798], [799, 800]]",197,320,14.821275543,16986,63.648876247000004,,160,8493
Block=1_Prob=2_n=50_nsets=800,"Vector{T} where T[[1, 2, 3, 4], [5, 6, 7, 8, 9], [10, 11, 12], [13, 14, 15], [16, 17, 18], [19, 20, 21, 22, 23], [24, 25, 26, 27, 28], [29, 30, 31], [32, 33, 34, 35, 36], [37, 38, 39], [40, 41, 42, 43], [44, 45, 46, 47, 48], [49, 50, 51], [52, 53, 54, 55], [56, 57, 58], [59, 60, 61, 62, 63], [64, 65, 66, 67], [68, 69, 70, 71, 72], [73, 74, 75, 76, 77], [78, 79, 80, 81, 82], [83, 84, 85, 86], [87, 88, 89, 90, 91], [92, 93, 94, 95], [96, 97, 98, 99, 100], [101, 102, 103, 104], [105, 106, 107, 108, 109], [110, 111, 112, 113], [114, 115, 116], [117, 118, 119, 120, 121], [122, 123, 124], [125, 126, 127], [128, 129, 130, 131, 132], [133, 134, 135], [136, 137, 138, 139, 140], [141, 142, 143], [144, 145, 146, 147], [148, 149, 150, 151], [152, 153, 154, 155], [156, 157, 158], [159, 160, 161, 162], [163, 164, 165], [166, 167, 168, 169, 170], [171, 172, 173, 174, 175], [176, 177, 178, 179], [180, 181, 182, 183], [184, 185, 186, 187], [188, 189, 190, 191, 192], [193, 194, 195, 196, 197], [198, 199, 200], [201, 202, 203, 204, 205], [206, 207, 208, 209, 210], [211, 212, 213], [214, 215, 216, 217, 218], [219, 220, 221, 222], [223, 224, 225], [226, 227, 228, 229], [230, 231, 232, 233, 234], [235, 236, 237, 238, 239], [240, 241, 242], [243, 244, 245, 246, 247], [248, 249, 250, 251, 252], [253, 254, 255, 256], [257, 258, 259, 260, 261], [262, 263, 264, 265], [266, 267, 268], [269, 270, 271, 272, 273], [274, 275, 276, 277], [278, 279, 280, 281], [282, 283, 284, 285], [286, 287, 288, 289, 290], [291, 292, 293], [294, 295, 296, 297, 298], [299, 300, 301, 302], [303, 304, 305, 306, 307], [308, 309, 310, 311, 312], [313, 314, 315, 316, 317], [318, 319, 320, 321, 322], [323, 324, 325, 326, 327], [328, 329, 330, 331, 332], [333, 334, 335, 336, 337], [338, 339, 340], [341, 342, 343], [344, 345, 346, 347], [348, 349, 350], [351, 352, 353, 354], [355, 356, 357], [358, 359, 360, 361, 362], [363, 364, 365, 366], [367, 368, 369, 370], [371, 372, 373], [374, 375, 376], [377, 378, 379, 380], [381, 382, 383, 384, 385], [386, 387, 388, 389, 390], [391, 392, 393], [394, 395, 396, 397], [398, 399, 400, 401], [402, 403, 404, 405, 406], [407, 408, 409, 410], [411, 412, 413], [414, 415, 416], [417, 418, 419, 420], [421, 422, 423, 424, 425], [426, 427, 428, 429], [430, 431, 432, 433], [434, 435, 436, 437], [438, 439, 440, 441, 442], [443, 444, 445, 446, 447], [448, 449, 450], [451, 452, 453, 454], [455, 456, 457], [458, 459, 460, 461], [462, 463, 464, 465], [466, 467, 468], [469, 470, 471, 472, 473], [474, 475, 476, 477], [478, 479, 480, 481, 482], [483, 484, 485], [486, 487, 488, 489, 490], [491, 492, 493, 494], [495, 496, 497, 498], [499, 500, 501], [502, 503, 504, 505, 506], [507, 508, 509], [510, 511, 512, 513, 514], [515, 516, 517], [518, 519, 520, 521], [522, 523, 524], [525, 526, 527, 528, 529], [530, 531, 532, 533, 534], [535, 536, 537, 538, 539], [540, 541, 542, 543, 544], [545, 546, 547, 548], [549, 550, 551, 552, 553], [554, 555, 556, 557], [558, 559, 560], [561, 562, 563, 564], [565, 566, 567, 568], [569, 570, 571, 572], [573, 574, 575], [576, 577, 578, 579, 580], [581, 582, 583, 584, 585], [586, 587, 588, 589, 590], [591, 592, 593, 594, 595], [596, 597, 598, 599], [600, 601, 602, 603], [604, 605, 606], [607, 608, 609], [610, 611, 612, 613, 614], [615, 616, 617], [618, 619, 620], [621, 622, 623, 624], [625, 626, 627, 628], [629, 630, 631, 632], [633, 634, 635, 636, 637], [638, 639, 640], [641, 642, 643], [644, 645, 646], [647, 648, 649, 650], [651, 652, 653], [654, 655, 656], [657, 658, 659, 660, 661], [662, 663, 664, 665, 666], [667, 668, 669, 670], [671, 672, 673, 674, 675], [676, 677, 678], [679, 680, 681, 682, 683], [684, 685, 686, 687], [688, 689, 690, 691], [692, 693, 694, 695], [696, 697, 698], [699, 700, 701], [702, 703, 704], [705, 706, 707, 708], [709, 710, 711, 712], [713, 714, 715, 716, 717], [718, 719, 720, 721, 722], [723, 724, 725, 726, 727], [728, 729, 730, 731, 732], [733, 734, 735], [736, 737, 738, 739], [740, 741, 742], [743, 744, 745, 746], [747, 748, 749, 750], [751, 752, 753, 754, 755], [756, 757, 758, 759, 760], [761, 762, 763, 764, 765], [766, 767, 768, 769, 770], [771, 772, 773], [774, 775, 776, 777], [778, 779, 780], [781, 782, 783], [784, 785, 786], [787, 788, 789, 790, 791], [792, 793, 794, 795], [796, 797, 798], [799, 800]]",197,204,15.397203668000001,49360,136.794886811,,102,24680
Block=2_Prob=1_n=50_nsets=800,"Vector{T} where T[[1, 2, 3], [4, 5, 6, 7, 8], [9, 10, 11, 12, 13], [14, 15, 16, 17, 18], [19, 20, 21, 22, 23], [24, 25, 26], [27, 28, 29, 30], [31, 32, 33, 34], [35, 36, 37, 38, 39], [40, 41, 42, 43], [44, 45, 46], [47, 48, 49, 50, 51], [52, 53, 54], [55, 56, 57], [58, 59, 60, 61, 62], [63, 64, 65], [66, 67, 68, 69, 70], [71, 72, 73, 74], [75, 76, 77, 78, 79], [80, 81, 82, 83, 84], [85, 86, 87], [88, 89, 90, 91], [92, 93, 94, 95], [96, 97, 98], [99, 100, 101], [102, 103, 104], [105, 106, 107], [108, 109, 110, 111], [112, 113, 114], [115, 116, 117, 118, 119], [120, 121, 122, 123], [124, 125, 126], [127, 128, 129, 130, 131], [132, 133, 134, 135], [136, 137, 138], [139, 140, 141, 142], [143, 144, 145, 146], [147, 148, 149, 150], [151, 152, 153, 154, 155], [156, 157, 158, 159, 160], [161, 162, 163], [164, 165, 166, 167], [168, 169, 170], [171, 172, 173], [174, 175, 176, 177, 178], [179, 180, 181, 182], [183, 184, 185, 186, 187], [188, 189, 190, 191, 192], [193, 194, 195, 196], [197, 198, 199, 200, 201], [202, 203, 204, 205, 206], [207, 208, 209, 210], [211, 212, 213, 214], [215, 216, 217], [218, 219, 220, 221], [222, 223, 224, 225], [226, 227, 228, 229, 230], [231, 232, 233, 234, 235], [236, 237, 238], [239, 240, 241, 242], [243, 244, 245, 246], [247, 248, 249, 250], [251, 252, 253], [254, 255, 256, 257, 258], [259, 260, 261, 262, 263], [264, 265, 266], [267, 268, 269, 270], [271, 272, 273], [274, 275, 276], [277, 278, 279, 280, 281], [282, 283, 284, 285, 286], [287, 288, 289, 290, 291], [292, 293, 294], [295, 296, 297, 298, 299], [300, 301, 302, 303, 304], [305, 306, 307, 308, 309], [310, 311, 312, 313], [314, 315, 316, 317], [318, 319, 320], [321, 322, 323, 324, 325], [326, 327, 328], [329, 330, 331, 332, 333], [334, 335, 336, 337], [338, 339, 340, 341], [342, 343, 344, 345], [346, 347, 348], [349, 350, 351, 352], [353, 354, 355, 356], [357, 358, 359, 360], [361, 362, 363, 364, 365], [366, 367, 368], [369, 370, 371], [372, 373, 374], [375, 376, 377], [378, 379, 380], [381, 382, 383, 384], [385, 386, 387, 388, 389], [390, 391, 392], [393, 394, 395, 396], [397, 398, 399, 400], [401, 402, 403, 404], [405, 406, 407, 408], [409, 410, 411], [412, 413, 414], [415, 416, 417, 418], [419, 420, 421, 422, 423], [424, 425, 426, 427], [428, 429, 430, 431], [432, 433, 434, 435], [436, 437, 438, 439], [440, 441, 442, 443, 444], [445, 446, 447, 448, 449], [450, 451, 452, 453], [454, 455, 456, 457, 458], [459, 460, 461, 462, 463], [464, 465, 466, 467, 468], [469, 470, 471], [472, 473, 474, 475, 476], [477, 478, 479, 480, 481], [482, 483, 484], [485, 486, 487], [488, 489, 490], [491, 492, 493, 494, 495], [496, 497, 498, 499, 500], [501, 502, 503], [504, 505, 506, 507], [508, 509, 510, 511], [512, 513, 514, 515], [516, 517, 518, 519], [520, 521, 522, 523, 524], [525, 526, 527, 528], [529, 530, 531], [532, 533, 534, 535, 536], [537, 538, 539], [540, 541, 542, 543], [544, 545, 546], [547, 548, 549, 550, 551], [552, 553, 554, 555], [556, 557, 558], [559, 560, 561, 562], [563, 564, 565, 566], [567, 568, 569], [570, 571, 572, 573], [574, 575, 576, 577, 578], [579, 580, 581], [582, 583, 584], [585, 586, 587, 588, 589], [590, 591, 592, 593, 594], [595, 596, 597], [598, 599, 600], [601, 602, 603], [604, 605, 606], [607, 608, 609, 610], [611, 612, 613], [614, 615, 616], [617, 618, 619, 620, 621], [622, 623, 624], [625, 626, 627, 628], [629, 630, 631, 632, 633], [634, 635, 636, 637], [638, 639, 640, 641], [642, 643, 644, 645], [646, 647, 648], [649, 650, 651, 652], [653, 654, 655, 656], [657, 658, 659, 660], [661, 662, 663, 664], [665, 666, 667], [668, 669, 670, 671, 672], [673, 674, 675, 676], [677, 678, 679, 680, 681], [682, 683, 684, 685], [686, 687, 688, 689], [690, 691, 692, 693, 694], [695, 696, 697], [698, 699, 700, 701], [702, 703, 704, 705], [706, 707, 708, 709, 710], [711, 712, 713, 714], [715, 716, 717], [718, 719, 720], [721, 722, 723, 724, 725], [726, 727, 728, 729, 730], [731, 732, 733, 734], [735, 736, 737], [738, 739, 740, 741, 742], [743, 744, 745], [746, 747, 748, 749], [750, 751, 752], [753, 754, 755, 756], [757, 758, 759, 760], [761, 762, 763], [764, 765, 766, 767, 768], [769, 770, 771, 772, 773], [774, 775, 776, 777, 778], [779, 780, 781], [782, 783, 784, 785, 786], [787, 788, 789, 790], [791, 792, 793, 794, 795], [796, 797, 798, 799, 800]]",200,176,15.823776095000001,17404,192.21767570600002,,88,8702
Block=2_Prob=2_n=50_nsets=800,"Vector{T} where T[[1, 2, 3], [4, 5, 6, 7, 8], [9, 10, 11, 12, 13], [14, 15, 16, 17, 18], [19, 20, 21, 22, 23], [24, 25, 26], [27, 28, 29, 30], [31, 32, 33, 34], [35, 36, 37, 38, 39], [40, 41, 42, 43], [44, 45, 46], [47, 48, 49, 50, 51], [52, 53, 54], [55, 56, 57], [58, 59, 60, 61, 62], [63, 64, 65], [66, 67, 68, 69, 70], [71, 72, 73, 74], [75, 76, 77, 78, 79], [80, 81, 82, 83, 84], [85, 86, 87], [88, 89, 90, 91], [92, 93, 94, 95], [96, 97, 98], [99, 100, 101], [102, 103, 104], [105, 106, 107], [108, 109, 110, 111], [112, 113, 114], [115, 116, 117, 118, 119], [120, 121, 122, 123], [124, 125, 126], [127, 128, 129, 130, 131], [132, 133, 134, 135], [136, 137, 138], [139, 140, 141, 142], [143, 144, 145, 146], [147, 148, 149, 150], [151, 152, 153, 154, 155], [156, 157, 158, 159, 160], [161, 162, 163], [164, 165, 166, 167], [168, 169, 170], [171, 172, 173], [174, 175, 176, 177, 178], [179, 180, 181, 182], [183, 184, 185, 186, 187], [188, 189, 190, 191, 192], [193, 194, 195, 196], [197, 198, 199, 200, 201], [202, 203, 204, 205, 206], [207, 208, 209, 210], [211, 212, 213, 214], [215, 216, 217], [218, 219, 220, 221], [222, 223, 224, 225], [226, 227, 228, 229, 230], [231, 232, 233, 234, 235], [236, 237, 238], [239, 240, 241, 242], [243, 244, 245, 246], [247, 248, 249, 250], [251, 252, 253], [254, 255, 256, 257, 258], [259, 260, 261, 262, 263], [264, 265, 266], [267, 268, 269, 270], [271, 272, 273], [274, 275, 276], [277, 278, 279, 280, 281], [282, 283, 284, 285, 286], [287, 288, 289, 290, 291], [292, 293, 294], [295, 296, 297, 298, 299], [300, 301, 302, 303, 304], [305, 306, 307, 308, 309], [310, 311, 312, 313], [314, 315, 316, 317], [318, 319, 320], [321, 322, 323, 324, 325], [326, 327, 328], [329, 330, 331, 332, 333], [334, 335, 336, 337], [338, 339, 340, 341], [342, 343, 344, 345], [346, 347, 348], [349, 350, 351, 352], [353, 354, 355, 356], [357, 358, 359, 360], [361, 362, 363, 364, 365], [366, 367, 368], [369, 370, 371], [372, 373, 374], [375, 376, 377], [378, 379, 380], [381, 382, 383, 384], [385, 386, 387, 388, 389], [390, 391, 392], [393, 394, 395, 396], [397, 398, 399, 400], [401, 402, 403, 404], [405, 406, 407, 408], [409, 410, 411], [412, 413, 414], [415, 416, 417, 418], [419, 420, 421, 422, 423], [424, 425, 426, 427], [428, 429, 430, 431], [432, 433, 434, 435], [436, 437, 438, 439], [440, 441, 442, 443, 444], [445, 446, 447, 448, 449], [450, 451, 452, 453], [454, 455, 456, 457, 458], [459, 460, 461, 462, 463], [464, 465, 466, 467, 468], [469, 470, 471], [472, 473, 474, 475, 476], [477, 478, 479, 480, 481], [482, 483, 484], [485, 486, 487], [488, 489, 490], [491, 492, 493, 494, 495], [496, 497, 498, 499, 500], [501, 502, 503], [504, 505, 506, 507], [508, 509, 510, 511], [512, 513, 514, 515], [516, 517, 518, 519], [520, 521, 522, 523, 524], [525, 526, 527, 528], [529, 530, 531], [532, 533, 534, 535, 536], [537, 538, 539], [540, 541, 542, 543], [544, 545, 546], [547, 548, 549, 550, 551], [552, 553, 554, 555], [556, 557, 558], [559, 560, 561, 562], [563, 564, 565, 566], [567, 568, 569], [570, 571, 572, 573], [574, 575, 576, 577, 578], [579, 580, 581], [582, 583, 584], [585, 586, 587, 588, 589], [590, 591, 592, 593, 594], [595, 596, 597], [598, 599, 600], [601, 602, 603], [604, 605, 606], [607, 608, 609, 610], [611, 612, 613], [614, 615, 616], [617, 618, 619, 620, 621], [622, 623, 624], [625, 626, 627, 628], [629, 630, 631, 632, 633], [634, 635, 636, 637], [638, 639, 640, 641], [642, 643, 644, 645], [646, 647, 648], [649, 650, 651, 652], [653, 654, 655, 656], [657, 658, 659, 660], [661, 662, 663, 664], [665, 666, 667], [668, 669, 670, 671, 672], [673, 674, 675, 676], [677, 678, 679, 680, 681], [682, 683, 684, 685], [686, 687, 688, 689], [690, 691, 692, 693, 694], [695, 696, 697], [698, 699, 700, 701], [702, 703, 704, 705], [706, 707, 708, 709, 710], [711, 712, 713, 714], [715, 716, 717], [718, 719, 720], [721, 722, 723, 724, 725], [726, 727, 728, 729, 730], [731, 732, 733, 734], [735, 736, 737], [738, 739, 740, 741, 742], [743, 744, 745], [746, 747, 748, 749], [750, 751, 752], [753, 754, 755, 756], [757, 758, 759, 760], [761, 762, 763], [764, 765, 766, 767, 768], [769, 770, 771, 772, 773], [774, 775, 776, 777, 778], [779, 780, 781], [782, 783, 784, 785, 786], [787, 788, 789, 790], [791, 792, 793, 794, 795], [796, 797, 798, 799, 800]]",200,728,14.679078491,39818,215.040005677,,364,19909
Block=3_Prob=1_n=50_nsets=800,"Vector{T} where T[[1, 2, 3, 4], [5, 6, 7, 8, 9], [10, 11, 12, 13], [14, 15, 16, 17], [18, 19, 20, 21, 22], [23, 24, 25, 26, 27], [28, 29, 30, 31], [32, 33, 34], [35, 36, 37], [38, 39, 40, 41, 42], [43, 44, 45], [46, 47, 48, 49, 50], [51, 52, 53], [54, 55, 56, 57, 58], [59, 60, 61, 62], [63, 64, 65], [66, 67, 68], [69, 70, 71, 72, 73], [74, 75, 76, 77, 78], [79, 80, 81, 82, 83], [84, 85, 86, 87, 88], [89, 90, 91], [92, 93, 94], [95, 96, 97, 98, 99], [100, 101, 102, 103, 104], [105, 106, 107, 108], [109, 110, 111], [112, 113, 114, 115], [116, 117, 118, 119], [120, 121, 122], [123, 124, 125, 126, 127], [128, 129, 130], [131, 132, 133], [134, 135, 136, 137, 138], [139, 140, 141, 142], [143, 144, 145, 146, 147], [148, 149, 150, 151], [152, 153, 154], [155, 156, 157, 158, 159], [160, 161, 162, 163], [164, 165, 166, 167], [168, 169, 170, 171], [172, 173, 174], [175, 176, 177], [178, 179, 180, 181, 182], [183, 184, 185, 186, 187], [188, 189, 190, 191, 192], [193, 194, 195, 196], [197, 198, 199, 200, 201], [202, 203, 204, 205, 206], [207, 208, 209], [210, 211, 212], [213, 214, 215, 216, 217], [218, 219, 220, 221], [222, 223, 224, 225], [226, 227, 228, 229, 230], [231, 232, 233, 234], [235, 236, 237, 238], [239, 240, 241, 242, 243], [244, 245, 246], [247, 248, 249], [250, 251, 252, 253], [254, 255, 256], [257, 258, 259], [260, 261, 262, 263], [264, 265, 266], [267, 268, 269, 270], [271, 272, 273], [274, 275, 276, 277, 278], [279, 280, 281], [282, 283, 284], [285, 286, 287, 288], [289, 290, 291], [292, 293, 294, 295, 296], [297, 298, 299], [300, 301, 302, 303, 304], [305, 306, 307], [308, 309, 310, 311, 312], [313, 314, 315, 316], [317, 318, 319, 320], [321, 322, 323, 324], [325, 326, 327], [328, 329, 330], [331, 332, 333, 334], [335, 336, 337, 338, 339], [340, 341, 342], [343, 344, 345], [346, 347, 348, 349], [350, 351, 352, 353], [354, 355, 356, 357, 358], [359, 360, 361, 362, 363], [364, 365, 366], [367, 368, 369, 370, 371], [372, 373, 374], [375, 376, 377, 378], [379, 380, 381, 382], [383, 384, 385, 386, 387], [388, 389, 390], [391, 392, 393, 394, 395], [396, 397, 398, 399, 400], [401, 402, 403], [404, 405, 406, 407, 408], [409, 410, 411, 412], [413, 414, 415], [416, 417, 418, 419], [420, 421, 422], [423, 424, 425, 426, 427], [428, 429, 430], [431, 432, 433, 434], [435, 436, 437], [438, 439, 440, 441], [442, 443, 444], [445, 446, 447, 448], [449, 450, 451, 452], [453, 454, 455], [456, 457, 458, 459], [460, 461, 462, 463, 464], [465, 466, 467], [468, 469, 470, 471, 472], [473, 474, 475, 476], [477, 478, 479, 480, 481], [482, 483, 484, 485], [486, 487, 488, 489, 490], [491, 492, 493], [494, 495, 496, 497, 498], [499, 500, 501, 502, 503], [504, 505, 506], [507, 508, 509], [510, 511, 512, 513, 514], [515, 516, 517], [518, 519, 520], [521, 522, 523, 524], [525, 526, 527], [528, 529, 530, 531], [532, 533, 534, 535, 536], [537, 538, 539, 540], [541, 542, 543], [544, 545, 546, 547, 548], [549, 550, 551, 552, 553], [554, 555, 556, 557, 558], [559, 560, 561], [562, 563, 564, 565], [566, 567, 568, 569], [570, 571, 572, 573, 574], [575, 576, 577, 578], [579, 580, 581, 582, 583], [584, 585, 586], [587, 588, 589], [590, 591, 592], [593, 594, 595, 596], [597, 598, 599], [600, 601, 602, 603, 604], [605, 606, 607, 608], [609, 610, 611], [612, 613, 614, 615], [616, 617, 618, 619], [620, 621, 622, 623, 624], [625, 626, 627], [628, 629, 630], [631, 632, 633, 634], [635, 636, 637, 638], [639, 640, 641, 642], [643, 644, 645], [646, 647, 648, 649, 650], [651, 652, 653, 654, 655], [656, 657, 658, 659, 660], [661, 662, 663, 664], [665, 666, 667], [668, 669, 670, 671], [672, 673, 674, 675], [676, 677, 678, 679], [680, 681, 682, 683], [684, 685, 686, 687, 688], [689, 690, 691, 692], [693, 694, 695, 696], [697, 698, 699, 700, 701], [702, 703, 704, 705], [706, 707, 708, 709], [710, 711, 712], [713, 714, 715, 716], [717, 718, 719, 720], [721, 722, 723], [724, 725, 726, 727, 728], [729, 730, 731, 732, 733], [734, 735, 736, 737], [738, 739, 740], [741, 742, 743, 744, 745], [746, 747, 748, 749], [750, 751, 752, 753, 754], [755, 756, 757], [758, 759, 760, 761, 762], [763, 764, 765, 766], [767, 768, 769, 770, 771], [772, 773, 774], [775, 776, 777, 778, 779], [780, 781, 782, 783, 784], [785, 786, 787], [788, 789, 790, 791, 792], [793, 794, 795], [796, 797, 798, 799], [800]]",201,290,14.605132968000001,27966,78.36086115,,145,13983
Block=3_Prob=2_n=50_nsets=800,"Vector{T} where T[[1, 2, 3, 4], [5, 6, 7, 8, 9], [10, 11, 12, 13], [14, 15, 16, 17], [18, 19, 20, 21, 22], [23, 24, 25, 26, 27], [28, 29, 30, 31], [32, 33, 34], [35, 36, 37], [38, 39, 40, 41, 42], [43, 44, 45], [46, 47, 48, 49, 50], [51, 52, 53], [54, 55, 56, 57, 58], [59, 60, 61, 62], [63, 64, 65], [66, 67, 68], [69, 70, 71, 72, 73], [74, 75, 76, 77, 78], [79, 80, 81, 82, 83], [84, 85, 86, 87, 88], [89, 90, 91], [92, 93, 94], [95, 96, 97, 98, 99], [100, 101, 102, 103, 104], [105, 106, 107, 108], [109, 110, 111], [112, 113, 114, 115], [116, 117, 118, 119], [120, 121, 122], [123, 124, 125, 126, 127], [128, 129, 130], [131, 132, 133], [134, 135, 136, 137, 138], [139, 140, 141, 142], [143, 144, 145, 146, 147], [148, 149, 150, 151], [152, 153, 154], [155, 156, 157, 158, 159], [160, 161, 162, 163], [164, 165, 166, 167], [168, 169, 170, 171], [172, 173, 174], [175, 176, 177], [178, 179, 180, 181, 182], [183, 184, 185, 186, 187], [188, 189, 190, 191, 192], [193, 194, 195, 196], [197, 198, 199, 200, 201], [202, 203, 204, 205, 206], [207, 208, 209], [210, 211, 212], [213, 214, 215, 216, 217], [218, 219, 220, 221], [222, 223, 224, 225], [226, 227, 228, 229, 230], [231, 232, 233, 234], [235, 236, 237, 238], [239, 240, 241, 242, 243], [244, 245, 246], [247, 248, 249], [250, 251, 252, 253], [254, 255, 256], [257, 258, 259], [260, 261, 262, 263], [264, 265, 266], [267, 268, 269, 270], [271, 272, 273], [274, 275, 276, 277, 278], [279, 280, 281], [282, 283, 284], [285, 286, 287, 288], [289, 290, 291], [292, 293, 294, 295, 296], [297, 298, 299], [300, 301, 302, 303, 304], [305, 306, 307], [308, 309, 310, 311, 312], [313, 314, 315, 316], [317, 318, 319, 320], [321, 322, 323, 324], [325, 326, 327], [328, 329, 330], [331, 332, 333, 334], [335, 336, 337, 338, 339], [340, 341, 342], [343, 344, 345], [346, 347, 348, 349], [350, 351, 352, 353], [354, 355, 356, 357, 358], [359, 360, 361, 362, 363], [364, 365, 366], [367, 368, 369, 370, 371], [372, 373, 374], [375, 376, 377, 378], [379, 380, 381, 382], [383, 384, 385, 386, 387], [388, 389, 390], [391, 392, 393, 394, 395], [396, 397, 398, 399, 400], [401, 402, 403], [404, 405, 406, 407, 408], [409, 410, 411, 412], [413, 414, 415], [416, 417, 418, 419], [420, 421, 422], [423, 424, 425, 426, 427], [428, 429, 430], [431, 432, 433, 434], [435, 436, 437], [438, 439, 440, 441], [442, 443, 444], [445, 446, 447, 448], [449, 450, 451, 452], [453, 454, 455], [456, 457, 458, 459], [460, 461, 462, 463, 464], [465, 466, 467], [468, 469, 470, 471, 472], [473, 474, 475, 476], [477, 478, 479, 480, 481], [482, 483, 484, 485], [486, 487, 488, 489, 490], [491, 492, 493], [494, 495, 496, 497, 498], [499, 500, 501, 502, 503], [504, 505, 506], [507, 508, 509], [510, 511, 512, 513, 514], [515, 516, 517], [518, 519, 520], [521, 522, 523, 524], [525, 526, 527], [528, 529, 530, 531], [532, 533, 534, 535, 536], [537, 538, 539, 540], [541, 542, 543], [544, 545, 546, 547, 548], [549, 550, 551, 552, 553], [554, 555, 556, 557, 558], [559, 560, 561], [562, 563, 564, 565], [566, 567, 568, 569], [570, 571, 572, 573, 574], [575, 576, 577, 578], [579, 580, 581, 582, 583], [584, 585, 586], [587, 588, 589], [590, 591, 592], [593, 594, 595, 596], [597, 598, 599], [600, 601, 602, 603, 604], [605, 606, 607, 608], [609, 610, 611], [612, 613, 614, 615], [616, 617, 618, 619], [620, 621, 622, 623, 624], [625, 626, 627], [628, 629, 630], [631, 632, 633, 634], [635, 636, 637, 638], [639, 640, 641, 642], [643, 644, 645], [646, 647, 648, 649, 650], [651, 652, 653, 654, 655], [656, 657, 658, 659, 660], [661, 662, 663, 664], [665, 666, 667], [668, 669, 670, 671], [672, 673, 674, 675], [676, 677, 678, 679], [680, 681, 682, 683], [684, 685, 686, 687, 688], [689, 690, 691, 692], [693, 694, 695, 696], [697, 698, 699, 700, 701], [702, 703, 704, 705], [706, 707, 708, 709], [710, 711, 712], [713, 714, 715, 716], [717, 718, 719, 720], [721, 722, 723], [724, 725, 726, 727, 728], [729, 730, 731, 732, 733], [734, 735, 736, 737], [738, 739, 740], [741, 742, 743, 744, 745], [746, 747, 748, 749], [750, 751, 752, 753, 754], [755, 756, 757], [758, 759, 760, 761, 762], [763, 764, 765, 766], [767, 768, 769, 770, 771], [772, 773, 774], [775, 776, 777, 778, 779], [780, 781, 782, 783, 784], [785, 786, 787], [788, 789, 790, 791, 792], [793, 794, 795], [796, 797, 798, 799], [800]]",201,260,14.033870786000001,14532,214.595206077,,130,7266
Block=4_Prob=1_n=50_nsets=800,"Vector{T} where T[[1, 2, 3], [4, 5, 6], [7, 8, 9], [10, 11, 12, 13, 14], [15, 16, 17, 18], [19, 20, 21, 22], [23, 24, 25], [26, 27, 28, 29], [30, 31, 32], [33, 34, 35], [36, 37, 38, 39], [40, 41, 42, 43, 44], [45, 46, 47, 48], [49, 50, 51], [52, 53, 54, 55, 56], [57, 58, 59], [60, 61, 62, 63, 64], [65, 66, 67], [68, 69, 70, 71, 72], [73, 74, 75, 76], [77, 78, 79], [80, 81, 82], [83, 84, 85, 86, 87], [88, 89, 90], [91, 92, 93, 94], [95, 96, 97, 98], [99, 100, 101, 102], [103, 104, 105], [106, 107, 108], [109, 110, 111, 112], [113, 114, 115], [116, 117, 118, 119, 120], [121, 122, 123, 124, 125], [126, 127, 128, 129], [130, 131, 132, 133], [134, 135, 136, 137, 138], [139, 140, 141, 142, 143], [144, 145, 146, 147, 148], [149, 150, 151], [152, 153, 154, 155, 156], [157, 158, 159, 160, 161], [162, 163, 164], [165, 166, 167, 168], [169, 170, 171], [172, 173, 174, 175, 176], [177, 178, 179], [180, 181, 182], [183, 184, 185], [186, 187, 188], [189, 190, 191, 192, 193], [194, 195, 196, 197], [198, 199, 200], [201, 202, 203, 204], [205, 206, 207, 208, 209], [210, 211, 212], [213, 214, 215, 216], [217, 218, 219, 220, 221], [222, 223, 224], [225, 226, 227, 228], [229, 230, 231], [232, 233, 234], [235, 236, 237], [238, 239, 240, 241], [242, 243, 244, 245], [246, 247, 248, 249, 250], [251, 252, 253, 254, 255], [256, 257, 258, 259], [260, 261, 262], [263, 264, 265, 266], [267, 268, 269, 270, 271], [272, 273, 274, 275], [276, 277, 278, 279], [280, 281, 282, 283, 284], [285, 286, 287, 288], [289, 290, 291], [292, 293, 294, 295], [296, 297, 298, 299, 300], [301, 302, 303, 304], [305, 306, 307, 308], [309, 310, 311], [312, 313, 314], [315, 316, 317], [318, 319, 320, 321, 322], [323, 324, 325, 326, 327], [328, 329, 330, 331, 332], [333, 334, 335], [336, 337, 338], [339, 340, 341], [342, 343, 344, 345], [346, 347, 348, 349], [350, 351, 352, 353], [354, 355, 356], [357, 358, 359, 360, 361], [362, 363, 364], [365, 366, 367, 368, 369], [370, 371, 372, 373], [374, 375, 376, 377, 378], [379, 380, 381], [382, 383, 384, 385, 386], [387, 388, 389], [390, 391, 392, 393], [394, 395, 396, 397], [398, 399, 400, 401], [402, 403, 404, 405], [406, 407, 408, 409, 410], [411, 412, 413, 414, 415], [416, 417, 418], [419, 420, 421], [422, 423, 424], [425, 426, 427, 428, 429], [430, 431, 432, 433, 434], [435, 436, 437], [438, 439, 440, 441, 442], [443, 444, 445], [446, 447, 448, 449, 450], [451, 452, 453, 454], [455, 456, 457, 458, 459], [460, 461, 462], [463, 464, 465, 466, 467], [468, 469, 470, 471, 472], [473, 474, 475, 476, 477], [478, 479, 480], [481, 482, 483, 484], [485, 486, 487, 488], [489, 490, 491, 492], [493, 494, 495, 496, 497], [498, 499, 500], [501, 502, 503, 504], [505, 506, 507], [508, 509, 510], [511, 512, 513, 514, 515], [516, 517, 518], [519, 520, 521, 522], [523, 524, 525], [526, 527, 528, 529], [530, 531, 532, 533], [534, 535, 536, 537, 538], [539, 540, 541, 542, 543], [544, 545, 546], [547, 548, 549, 550], [551, 552, 553], [554, 555, 556, 557, 558], [559, 560, 561], [562, 563, 564, 565], [566, 567, 568, 569], [570, 571, 572], [573, 574, 575, 576, 577], [578, 579, 580, 581, 582], [583, 584, 585, 586], [587, 588, 589, 590, 591], [592, 593, 594, 595], [596, 597, 598, 599, 600], [601, 602, 603, 604], [605, 606, 607], [608, 609, 610], [611, 612, 613], [614, 615, 616, 617, 618], [619, 620, 621, 622], [623, 624, 625], [626, 627, 628, 629], [630, 631, 632, 633, 634], [635, 636, 637], [638, 639, 640], [641, 642, 643], [644, 645, 646, 647], [648, 649, 650], [651, 652, 653], [654, 655, 656], [657, 658, 659, 660, 661], [662, 663, 664], [665, 666, 667, 668], [669, 670, 671, 672, 673], [674, 675, 676], [677, 678, 679, 680, 681], [682, 683, 684, 685], [686, 687, 688, 689], [690, 691, 692, 693, 694], [695, 696, 697, 698], [699, 700, 701, 702, 703], [704, 705, 706], [707, 708, 709, 710], [711, 712, 713, 714], [715, 716, 717, 718], [719, 720, 721], [722, 723, 724, 725, 726], [727, 728, 729, 730, 731], [732, 733, 734, 735, 736], [737, 738, 739], [740, 741, 742], [743, 744, 745], [746, 747, 748, 749, 750], [751, 752, 753], [754, 755, 756], [757, 758, 759, 760], [761, 762, 763, 764], [765, 766, 767, 768, 769], [770, 771, 772], [773, 774, 775, 776], [777, 778, 779, 780, 781], [782, 783, 784, 785, 786], [787, 788, 789], [790, 791, 792, 793, 794], [795, 796, 797], [798, 799, 800]]",204,494,16.966841328,13458,222.730717693,,247,6729
Block=4_Prob=2_n=50_nsets=800,"Vector{T} where T[[1, 2, 3], [4, 5, 6], [7, 8, 9], [10, 11, 12, 13, 14], [15, 16, 17, 18], [19, 20, 21, 22], [23, 24, 25], [26, 27, 28, 29], [30, 31, 32], [33, 34, 35], [36, 37, 38, 39], [40, 41, 42, 43, 44], [45, 46, 47, 48], [49, 50, 51], [52, 53, 54, 55, 56], [57, 58, 59], [60, 61, 62, 63, 64], [65, 66, 67], [68, 69, 70, 71, 72], [73, 74, 75, 76], [77, 78, 79], [80, 81, 82], [83, 84, 85, 86, 87], [88, 89, 90], [91, 92, 93, 94], [95, 96, 97, 98], [99, 100, 101, 102], [103, 104, 105], [106, 107, 108], [109, 110, 111, 112], [113, 114, 115], [116, 117, 118, 119, 120], [121, 122, 123, 124, 125], [126, 127, 128, 129], [130, 131, 132, 133], [134, 135, 136, 137, 138], [139, 140, 141, 142, 143], [144, 145, 146, 147, 148], [149, 150, 151], [152, 153, 154, 155, 156], [157, 158, 159, 160, 161], [162, 163, 164], [165, 166, 167, 168], [169, 170, 171], [172, 173, 174, 175, 176], [177, 178, 179], [180, 181, 182], [183, 184, 185], [186, 187, 188], [189, 190, 191, 192, 193], [194, 195, 196, 197], [198, 199, 200], [201, 202, 203, 204], [205, 206, 207, 208, 209], [210, 211, 212], [213, 214, 215, 216], [217, 218, 219, 220, 221], [222, 223, 224], [225, 226, 227, 228], [229, 230, 231], [232, 233, 234], [235, 236, 237], [238, 239, 240, 241], [242, 243, 244, 245], [246, 247, 248, 249, 250], [251, 252, 253, 254, 255], [256, 257, 258, 259], [260, 261, 262], [263, 264, 265, 266], [267, 268, 269, 270, 271], [272, 273, 274, 275], [276, 277, 278, 279], [280, 281, 282, 283, 284], [285, 286, 287, 288], [289, 290, 291], [292, 293, 294, 295], [296, 297, 298, 299, 300], [301, 302, 303, 304], [305, 306, 307, 308], [309, 310, 311], [312, 313, 314], [315, 316, 317], [318, 319, 320, 321, 322], [323, 324, 325, 326, 327], [328, 329, 330, 331, 332], [333, 334, 335], [336, 337, 338], [339, 340, 341], [342, 343, 344, 345], [346, 347, 348, 349], [350, 351, 352, 353], [354, 355, 356], [357, 358, 359, 360, 361], [362, 363, 364], [365, 366, 367, 368, 369], [370, 371, 372, 373], [374, 375, 376, 377, 378], [379, 380, 381], [382, 383, 384, 385, 386], [387, 388, 389], [390, 391, 392, 393], [394, 395, 396, 397], [398, 399, 400, 401], [402, 403, 404, 405], [406, 407, 408, 409, 410], [411, 412, 413, 414, 415], [416, 417, 418], [419, 420, 421], [422, 423, 424], [425, 426, 427, 428, 429], [430, 431, 432, 433, 434], [435, 436, 437], [438, 439, 440, 441, 442], [443, 444, 445], [446, 447, 448, 449, 450], [451, 452, 453, 454], [455, 456, 457, 458, 459], [460, 461, 462], [463, 464, 465, 466, 467], [468, 469, 470, 471, 472], [473, 474, 475, 476, 477], [478, 479, 480], [481, 482, 483, 484], [485, 486, 487, 488], [489, 490, 491, 492], [493, 494, 495, 496, 497], [498, 499, 500], [501, 502, 503, 504], [505, 506, 507], [508, 509, 510], [511, 512, 513, 514, 515], [516, 517, 518], [519, 520, 521, 522], [523, 524, 525], [526, 527, 528, 529], [530, 531, 532, 533], [534, 535, 536, 537, 538], [539, 540, 541, 542, 543], [544, 545, 546], [547, 548, 549, 550], [551, 552, 553], [554, 555, 556, 557, 558], [559, 560, 561], [562, 563, 564, 565], [566, 567, 568, 569], [570, 571, 572], [573, 574, 575, 576, 577], [578, 579, 580, 581, 582], [583, 584, 585, 586], [587, 588, 589, 590, 591], [592, 593, 594, 595], [596, 597, 598, 599, 600], [601, 602, 603, 604], [605, 606, 607], [608, 609, 610], [611, 612, 613], [614, 615, 616, 617, 618], [619, 620, 621, 622], [623, 624, 625], [626, 627, 628, 629], [630, 631, 632, 633, 634], [635, 636, 637], [638, 639, 640], [641, 642, 643], [644, 645, 646, 647], [648, 649, 650], [651, 652, 653], [654, 655, 656], [657, 658, 659, 660, 661], [662, 663, 664], [665, 666, 667, 668], [669, 670, 671, 672, 673], [674, 675, 676], [677, 678, 679, 680, 681], [682, 683, 684, 685], [686, 687, 688, 689], [690, 691, 692, 693, 694], [695, 696, 697, 698], [699, 700, 701, 702, 703], [704, 705, 706], [707, 708, 709, 710], [711, 712, 713, 714], [715, 716, 717, 718], [719, 720, 721], [722, 723, 724, 725, 726], [727, 728, 729, 730, 731], [732, 733, 734, 735, 736], [737, 738, 739], [740, 741, 742], [743, 744, 745], [746, 747, 748, 749, 750], [751, 752, 753], [754, 755, 756], [757, 758, 759, 760], [761, 762, 763, 764], [765, 766, 767, 768, 769], [770, 771, 772], [773, 774, 775, 776], [777, 778, 779, 780, 781], [782, 783, 784, 785, 786], [787, 788, 789], [790, 791, 792, 793, 794], [795, 796, 797], [798, 799, 800]]",204,194,17.166812812,35264,65.762396699,,97,17632
Block=5_Prob=1_n=50_nsets=800,"Vector{T} where T[[1, 2, 3, 4, 5], [6, 7, 8], [9, 10, 11, 12], [13, 14, 15, 16, 17], [18, 19, 20, 21, 22], [23, 24, 25], [26, 27, 28, 29, 30], [31, 32, 33, 34], [35, 36, 37, 38], [39, 40, 41, 42, 43], [44, 45, 46], [47, 48, 49, 50, 51], [52, 53, 54, 55], [56, 57, 58], [59, 60, 61, 62], [63, 64, 65, 66, 67], [68, 69, 70, 71, 72], [73, 74, 75, 76], [77, 78, 79], [80, 81, 82, 83, 84], [85, 86, 87, 88], [89, 90, 91], [92, 93, 94, 95, 96], [97, 98, 99, 100], [101, 102, 103], [104, 105, 106, 107], [108, 109, 110, 111, 112], [113, 114, 115, 116], [117, 118, 119], [120, 121, 122, 123], [124, 125, 126, 127, 128], [129, 130, 131, 132], [133, 134, 135], [136, 137, 138, 139, 140], [141, 142, 143, 144, 145], [146, 147, 148, 149], [150, 151, 152, 153], [154, 155, 156, 157, 158], [159, 160, 161], [162, 163, 164, 165, 166], [167, 168, 169], [170, 171, 172, 173], [174, 175, 176], [177, 178, 179, 180], [181, 182, 183, 184], [185, 186, 187, 188, 189], [190, 191, 192, 193, 194], [195, 196, 197, 198], [199, 200, 201, 202], [203, 204, 205, 206, 207], [208, 209, 210, 211], [212, 213, 214], [215, 216, 217, 218, 219], [220, 221, 222, 223, 224], [225, 226, 227], [228, 229, 230, 231, 232], [233, 234, 235, 236], [237, 238, 239], [240, 241, 242, 243], [244, 245, 246, 247, 248], [249, 250, 251, 252, 253], [254, 255, 256], [257, 258, 259, 260], [261, 262, 263], [264, 265, 266, 267, 268], [269, 270, 271, 272, 273], [274, 275, 276, 277], [278, 279, 280, 281, 282], [283, 284, 285], [286, 287, 288, 289], [290, 291, 292, 293, 294], [295, 296, 297, 298, 299], [300, 301, 302, 303], [304, 305, 306], [307, 308, 309, 310], [311, 312, 313, 314], [315, 316, 317, 318, 319], [320, 321, 322, 323, 324], [325, 326, 327], [328, 329, 330], [331, 332, 333, 334, 335], [336, 337, 338, 339], [340, 341, 342, 343, 344], [345, 346, 347, 348, 349], [350, 351, 352, 353], [354, 355, 356], [357, 358, 359, 360], [361, 362, 363, 364, 365], [366, 367, 368], [369, 370, 371], [372, 373, 374, 375], [376, 377, 378], [379, 380, 381, 382], [383, 384, 385, 386, 387], [388, 389, 390, 391], [392, 393, 394, 395], [396, 397, 398], [399, 400, 401, 402], [403, 404, 405, 406], [407, 408, 409], [410, 411, 412, 413], [414, 415, 416, 417, 418], [419, 420, 421], [422, 423, 424, 425, 426], [427, 428, 429, 430], [431, 432, 433, 434], [435, 436, 437, 438], [439, 440, 441, 442, 443], [444, 445, 446, 447], [448, 449, 450, 451], [452, 453, 454, 455], [456, 457, 458], [459, 460, 461], [462, 463, 464], [465, 466, 467], [468, 469, 470, 471], [472, 473, 474], [475, 476, 477], [478, 479, 480, 481, 482], [483, 484, 485, 486], [487, 488, 489, 490, 491], [492, 493, 494, 495], [496, 497, 498], [499, 500, 501, 502, 503], [504, 505, 506, 507, 508], [509, 510, 511, 512], [513, 514, 515], [516, 517, 518], [519, 520, 521, 522], [523, 524, 525], [526, 527, 528, 529, 530], [531, 532, 533, 534, 535], [536, 537, 538, 539, 540], [541, 542, 543, 544], [545, 546, 547, 548, 549], [550, 551, 552], [553, 554, 555, 556], [557, 558, 559, 560], [561, 562, 563], [564, 565, 566, 567, 568], [569, 570, 571], [572, 573, 574, 575], [576, 577, 578, 579], [580, 581, 582, 583], [584, 585, 586, 587], [588, 589, 590, 591], [592, 593, 594, 595, 596], [597, 598, 599], [600, 601, 602], [603, 604, 605, 606, 607], [608, 609, 610, 611, 612], [613, 614, 615, 616], [617, 618, 619, 620], [621, 622, 623, 624], [625, 626, 627, 628, 629], [630, 631, 632, 633], [634, 635, 636], [637, 638, 639], [640, 641, 642, 643, 644], [645, 646, 647, 648, 649], [650, 651, 652, 653], [654, 655, 656, 657], [658, 659, 660, 661], [662, 663, 664, 665, 666], [667, 668, 669], [670, 671, 672], [673, 674, 675, 676], [677, 678, 679, 680], [681, 682, 683, 684, 685], [686, 687, 688, 689, 690], [691, 692, 693, 694], [695, 696, 697, 698, 699], [700, 701, 702], [703, 704, 705], [706, 707, 708, 709], [710, 711, 712, 713], [714, 715, 716, 717], [718, 719, 720], [721, 722, 723, 724], [725, 726, 727], [728, 729, 730], [731, 732, 733, 734], [735, 736, 737], [738, 739, 740], [741, 742, 743, 744], [745, 746, 747, 748], [749, 750, 751, 752, 753], [754, 755, 756], [757, 758, 759, 760, 761], [762, 763, 764, 765], [766, 767, 768, 769, 770], [771, 772, 773, 774, 775], [776, 777, 778, 779], [780, 781, 782, 783, 784], [785, 786, 787, 788], [789, 790, 791, 792, 793], [794, 795, 796, 797], [798, 799, 800]]",198,420,15.304956537,38812,115.18745530400001,,210,19406
Block=5_Prob=2_n=50_nsets=800,"Vector{T} where T[[1, 2, 3, 4, 5], [6, 7, 8], [9, 10, 11, 12], [13, 14, 15, 16, 17], [18, 19, 20, 21, 22], [23, 24, 25], [26, 27, 28, 29, 30], [31, 32, 33, 34], [35, 36, 37, 38], [39, 40, 41, 42, 43], [44, 45, 46], [47, 48, 49, 50, 51], [52, 53, 54, 55], [56, 57, 58], [59, 60, 61, 62], [63, 64, 65, 66, 67], [68, 69, 70, 71, 72], [73, 74, 75, 76], [77, 78, 79], [80, 81, 82, 83, 84], [85, 86, 87, 88], [89, 90, 91], [92, 93, 94, 95, 96], [97, 98, 99, 100], [101, 102, 103], [104, 105, 106, 107], [108, 109, 110, 111, 112], [113, 114, 115, 116], [117, 118, 119], [120, 121, 122, 123], [124, 125, 126, 127, 128], [129, 130, 131, 132], [133, 134, 135], [136, 137, 138, 139, 140], [141, 142, 143, 144, 145], [146, 147, 148, 149], [150, 151, 152, 153], [154, 155, 156, 157, 158], [159, 160, 161], [162, 163, 164, 165, 166], [167, 168, 169], [170, 171, 172, 173], [174, 175, 176], [177, 178, 179, 180], [181, 182, 183, 184], [185, 186, 187, 188, 189], [190, 191, 192, 193, 194], [195, 196, 197, 198], [199, 200, 201, 202], [203, 204, 205, 206, 207], [208, 209, 210, 211], [212, 213, 214], [215, 216, 217, 218, 219], [220, 221, 222, 223, 224], [225, 226, 227], [228, 229, 230, 231, 232], [233, 234, 235, 236], [237, 238, 239], [240, 241, 242, 243], [244, 245, 246, 247, 248], [249, 250, 251, 252, 253], [254, 255, 256], [257, 258, 259, 260], [261, 262, 263], [264, 265, 266, 267, 268], [269, 270, 271, 272, 273], [274, 275, 276, 277], [278, 279, 280, 281, 282], [283, 284, 285], [286, 287, 288, 289], [290, 291, 292, 293, 294], [295, 296, 297, 298, 299], [300, 301, 302, 303], [304, 305, 306], [307, 308, 309, 310], [311, 312, 313, 314], [315, 316, 317, 318, 319], [320, 321, 322, 323, 324], [325, 326, 327], [328, 329, 330], [331, 332, 333, 334, 335], [336, 337, 338, 339], [340, 341, 342, 343, 344], [345, 346, 347, 348, 349], [350, 351, 352, 353], [354, 355, 356], [357, 358, 359, 360], [361, 362, 363, 364, 365], [366, 367, 368], [369, 370, 371], [372, 373, 374, 375], [376, 377, 378], [379, 380, 381, 382], [383, 384, 385, 386, 387], [388, 389, 390, 391], [392, 393, 394, 395], [396, 397, 398], [399, 400, 401, 402], [403, 404, 405, 406], [407, 408, 409], [410, 411, 412, 413], [414, 415, 416, 417, 418], [419, 420, 421], [422, 423, 424, 425, 426], [427, 428, 429, 430], [431, 432, 433, 434], [435, 436, 437, 438], [439, 440, 441, 442, 443], [444, 445, 446, 447], [448, 449, 450, 451], [452, 453, 454, 455], [456, 457, 458], [459, 460, 461], [462, 463, 464], [465, 466, 467], [468, 469, 470, 471], [472, 473, 474], [475, 476, 477], [478, 479, 480, 481, 482], [483, 484, 485, 486], [487, 488, 489, 490, 491], [492, 493, 494, 495], [496, 497, 498], [499, 500, 501, 502, 503], [504, 505, 506, 507, 508], [509, 510, 511, 512], [513, 514, 515], [516, 517, 518], [519, 520, 521, 522], [523, 524, 525], [526, 527, 528, 529, 530], [531, 532, 533, 534, 535], [536, 537, 538, 539, 540], [541, 542, 543, 544], [545, 546, 547, 548, 549], [550, 551, 552], [553, 554, 555, 556], [557, 558, 559, 560], [561, 562, 563], [564, 565, 566, 567, 568], [569, 570, 571], [572, 573, 574, 575], [576, 577, 578, 579], [580, 581, 582, 583], [584, 585, 586, 587], [588, 589, 590, 591], [592, 593, 594, 595, 596], [597, 598, 599], [600, 601, 602], [603, 604, 605, 606, 607], [608, 609, 610, 611, 612], [613, 614, 615, 616], [617, 618, 619, 620], [621, 622, 623, 624], [625, 626, 627, 628, 629], [630, 631, 632, 633], [634, 635, 636], [637, 638, 639], [640, 641, 642, 643, 644], [645, 646, 647, 648, 649], [650, 651, 652, 653], [654, 655, 656, 657], [658, 659, 660, 661], [662, 663, 664, 665, 666], [667, 668, 669], [670, 671, 672], [673, 674, 675, 676], [677, 678, 679, 680], [681, 682, 683, 684, 685], [686, 687, 688, 689, 690], [691, 692, 693, 694], [695, 696, 697, 698, 699], [700, 701, 702], [703, 704, 705], [706, 707, 708, 709], [710, 711, 712, 713], [714, 715, 716, 717], [718, 719, 720], [721, 722, 723, 724], [725, 726, 727], [728, 729, 730], [731, 732, 733, 734], [735, 736, 737], [738, 739, 740], [741, 742, 743, 744], [745, 746, 747, 748], [749, 750, 751, 752, 753], [754, 755, 756], [757, 758, 759, 760, 761], [762, 763, 764, 765], [766, 767, 768, 769, 770], [771, 772, 773, 774, 775], [776, 777, 778, 779], [780, 781, 782, 783, 784], [785, 786, 787, 788], [789, 790, 791, 792, 793], [794, 795, 796, 797], [798, 799, 800]]",198,428,16.961145873,11300,73.575482179,,214,5650
Block=1_Prob=1_n=100_nsets=40,"Vector{T} where T[[1, 2, 3, 4], [5, 6, 7, 8, 9], [10, 11, 12], [13, 14, 15], [16, 17, 18], [19, 20, 21, 22, 23], [24, 25, 26, 27, 28], [29, 30, 31], [32, 33, 34, 35, 36], [37, 38, 39], [40]]",11,220,2.748937601,1140,6.310831158,,110,570
Block=1_Prob=2_n=100_nsets=40,"Vector{T} where T[[1, 2, 3, 4], [5, 6, 7, 8, 9], [10, 11, 12], [13, 14, 15], [16, 17, 18], [19, 20, 21, 22, 23], [24, 25, 26, 27, 28], [29, 30, 31], [32, 33, 34, 35, 36], [37, 38, 39], [40]]",11,248,3.9293108965,5204,17.506018557,,124,2602
Block=2_Prob=1_n=100_nsets=40,"Vector{T} where T[[1, 2, 3, 4, 5], [6, 7, 8], [9, 10, 11, 12], [13, 14, 15], [16, 17, 18, 19, 20], [21, 22, 23, 24], [25, 26, 27, 28, 29], [30, 31, 32, 33, 34], [35, 36, 37, 38, 39], [40]]",10,102,3.1051385215000002,2232,15.584572713000002,,51,1116
Block=2_Prob=2_n=100_nsets=40,"Vector{T} where T[[1, 2, 3, 4, 5], [6, 7, 8], [9, 10, 11, 12], [13, 14, 15], [16, 17, 18, 19, 20], [21, 22, 23, 24], [25, 26, 27, 28, 29], [30, 31, 32, 33, 34], [35, 36, 37, 38, 39], [40]]",10,148,7.85681982,1160,6.797357474,,74,580
Block=3_Prob=1_n=100_nsets=40,"Vector{T} where T[[1, 2, 3, 4, 5], [6, 7, 8, 9], [10, 11, 12, 13, 14], [15, 16, 17, 18], [19, 20, 21, 22, 23], [24, 25, 26, 27], [28, 29, 30], [31, 32, 33, 34, 35], [36, 37, 38], [39, 40]]",10,66,3.6397964710000004,2276,28.963324083000003,,33,1138
Block=3_Prob=2_n=100_nsets=40,"Vector{T} where T[[1, 2, 3, 4, 5], [6, 7, 8, 9], [10, 11, 12, 13, 14], [15, 16, 17, 18], [19, 20, 21, 22, 23], [24, 25, 26, 27], [28, 29, 30], [31, 32, 33, 34, 35], [36, 37, 38], [39, 40]]",10,56,1.9661580976666668,2672,19.228524365000002,,28,1336
Block=4_Prob=1_n=100_nsets=40,"Vector{T} where T[[1, 2, 3, 4, 5], [6, 7, 8], [9, 10, 11, 12, 13], [14, 15, 16], [17, 18, 19, 20], [21, 22, 23, 24], [25, 26, 27, 28], [29, 30, 31], [32, 33, 34, 35], [36, 37, 38], [39, 40]]",11,264,4.118687679000001,4882,10.806805617,,132,2441
Block=4_Prob=2_n=100_nsets=40,"Vector{T} where T[[1, 2, 3, 4, 5], [6, 7, 8], [9, 10, 11, 12, 13], [14, 15, 16], [17, 18, 19, 20], [21, 22, 23, 24], [25, 26, 27, 28], [29, 30, 31], [32, 33, 34, 35], [36, 37, 38], [39, 40]]",11,526,2.2019220976666665,8034,11.822503746,,263,4017
Block=5_Prob=1_n=100_nsets=40,"Vector{T} where T[[1, 2, 3, 4, 5], [6, 7, 8, 9], [10, 11, 12, 13], [14, 15, 16, 17], [18, 19, 20, 21, 22], [23, 24, 25, 26, 27], [28, 29, 30], [31, 32, 33, 34, 35], [36, 37, 38, 39, 40]]",9,162,2.7503119755000003,1080,10.082398047,,81,540
Block=5_Prob=2_n=100_nsets=40,"Vector{T} where T[[1, 2, 3, 4, 5], [6, 7, 8, 9], [10, 11, 12, 13], [14, 15, 16, 17], [18, 19, 20, 21, 22], [23, 24, 25, 26, 27], [28, 29, 30], [31, 32, 33, 34, 35], [36, 37, 38, 39, 40]]",9,256,2.575308811,3266,10.195591734,,128,1633
Block=1_Prob=1_n=100_nsets=100,"Vector{T} where T[[1, 2, 3, 4], [5, 6, 7, 8, 9], [10, 11, 12], [13, 14, 15], [16, 17, 18], [19, 20, 21, 22, 23], [24, 25, 26, 27, 28], [29, 30, 31], [32, 33, 34, 35, 36], [37, 38, 39], [40, 41, 42, 43], [44, 45, 46, 47, 48], [49, 50, 51], [52, 53, 54, 55], [56, 57, 58], [59, 60, 61, 62, 63], [64, 65, 66, 67], [68, 69, 70, 71, 72], [73, 74, 75, 76, 77], [78, 79, 80, 81, 82], [83, 84, 85, 86], [87, 88, 89, 90, 91], [92, 93, 94, 95], [96, 97, 98, 99, 100]]",24,374,4.542037891500001,1690,19.331999355,,187,845
Block=1_Prob=2_n=100_nsets=100,"Vector{T} where T[[1, 2, 3, 4], [5, 6, 7, 8, 9], [10, 11, 12], [13, 14, 15], [16, 17, 18], [19, 20, 21, 22, 23], [24, 25, 26, 27, 28], [29, 30, 31], [32, 33, 34, 35, 36], [37, 38, 39], [40, 41, 42, 43], [44, 45, 46, 47, 48], [49, 50, 51], [52, 53, 54, 55], [56, 57, 58], [59, 60, 61, 62, 63], [64, 65, 66, 67], [68, 69, 70, 71, 72], [73, 74, 75, 76, 77], [78, 79, 80, 81, 82], [83, 84, 85, 86], [87, 88, 89, 90, 91], [92, 93, 94, 95], [96, 97, 98, 99, 100]]",24,98,5.267736081500001,1498,16.385228713,,49,749
Block=2_Prob=1_n=100_nsets=100,"Vector{T} where T[[1, 2, 3, 4], [5, 6, 7, 8, 9], [10, 11, 12, 13], [14, 15, 16], [17, 18, 19, 20, 21], [22, 23, 24], [25, 26, 27], [28, 29, 30, 31, 32], [33, 34, 35], [36, 37, 38, 39, 40], [41, 42, 43], [44, 45, 46, 47], [48, 49, 50, 51], [52, 53, 54, 55], [56, 57, 58], [59, 60, 61, 62], [63, 64, 65], [66, 67, 68, 69, 70], [71, 72, 73, 74, 75], [76, 77, 78, 79], [80, 81, 82, 83], [84, 85, 86, 87], [88, 89, 90, 91, 92], [93, 94, 95, 96, 97], [98, 99, 100]]",25,210,7.172406519000001,5986,32.376253835,,105,2993
Block=2_Prob=2_n=100_nsets=100,"Vector{T} where T[[1, 2, 3, 4], [5, 6, 7, 8, 9], [10, 11, 12, 13], [14, 15, 16], [17, 18, 19, 20, 21], [22, 23, 24], [25, 26, 27], [28, 29, 30, 31, 32], [33, 34, 35], [36, 37, 38, 39, 40], [41, 42, 43], [44, 45, 46, 47], [48, 49, 50, 51], [52, 53, 54, 55], [56, 57, 58], [59, 60, 61, 62], [63, 64, 65], [66, 67, 68, 69, 70], [71, 72, 73, 74, 75], [76, 77, 78, 79], [80, 81, 82, 83], [84, 85, 86, 87], [88, 89, 90, 91, 92], [93, 94, 95, 96, 97], [98, 99, 100]]",25,174,5.012010683000001,10220,35.185474257,,87,5110
Block=3_Prob=1_n=100_nsets=100,"Vector{T} where T[[1, 2, 3, 4, 5], [6, 7, 8, 9, 10], [11, 12, 13], [14, 15, 16, 17, 18], [19, 20, 21, 22], [23, 24, 25], [26, 27, 28, 29], [30, 31, 32, 33, 34], [35, 36, 37, 38, 39], [40, 41, 42], [43, 44, 45, 46, 47], [48, 49, 50, 51, 52], [53, 54, 55, 56], [57, 58, 59, 60, 61], [62, 63, 64, 65], [66, 67, 68], [69, 70, 71, 72, 73], [74, 75, 76, 77], [78, 79, 80, 81], [82, 83, 84, 85], [86, 87, 88, 89, 90], [91, 92, 93], [94, 95, 96, 97, 98], [99, 100]]",24,182,5.94796495,6528,28.570427772000002,,91,3264
Block=3_Prob=2_n=100_nsets=100,"Vector{T} where T[[1, 2, 3, 4, 5], [6, 7, 8, 9, 10], [11, 12, 13], [14, 15, 16, 17, 18], [19, 20, 21, 22], [23, 24, 25], [26, 27, 28, 29], [30, 31, 32, 33, 34], [35, 36, 37, 38, 39], [40, 41, 42], [43, 44, 45, 46, 47], [48, 49, 50, 51, 52], [53, 54, 55, 56], [57, 58, 59, 60, 61], [62, 63, 64, 65], [66, 67, 68], [69, 70, 71, 72, 73], [74, 75, 76, 77], [78, 79, 80, 81], [82, 83, 84, 85], [86, 87, 88, 89, 90], [91, 92, 93], [94, 95, 96, 97, 98], [99, 100]]",24,340,5.5241008515,3344,80.701873496,,170,1672
Block=4_Prob=1_n=100_nsets=100,"Vector{T} where T[[1, 2, 3, 4, 5], [6, 7, 8, 9, 10], [11, 12, 13, 14, 15], [16, 17, 18, 19, 20], [21, 22, 23, 24, 25], [26, 27, 28, 29, 30], [31, 32, 33, 34, 35], [36, 37, 38], [39, 40, 41], [42, 43, 44, 45], [46, 47, 48], [49, 50, 51, 52], [53, 54, 55], [56, 57, 58, 59, 60], [61, 62, 63, 64], [65, 66, 67, 68], [69, 70, 71], [72, 73, 74], [75, 76, 77, 78], [79, 80, 81, 82, 83], [84, 85, 86, 87, 88], [89, 90, 91], [92, 93, 94, 95], [96, 97, 98, 99], [100]]",25,334,5.1595322865,3864,33.377585323000005,,167,1932
Block=4_Prob=2_n=100_nsets=100,"Vector{T} where T[[1, 2, 3, 4, 5], [6, 7, 8, 9, 10], [11, 12, 13, 14, 15], [16, 17, 18, 19, 20], [21, 22, 23, 24, 25], [26, 27, 28, 29, 30], [31, 32, 33, 34, 35], [36, 37, 38], [39, 40, 41], [42, 43, 44, 45], [46, 47, 48], [49, 50, 51, 52], [53, 54, 55], [56, 57, 58, 59, 60], [61, 62, 63, 64], [65, 66, 67, 68], [69, 70, 71], [72, 73, 74], [75, 76, 77, 78], [79, 80, 81, 82, 83], [84, 85, 86, 87, 88], [89, 90, 91], [92, 93, 94, 95], [96, 97, 98, 99], [100]]",25,126,4.502534801,2104,21.365118643000002,,63,1052
Block=5_Prob=1_n=100_nsets=100,"Vector{T} where T[[1, 2, 3, 4], [5, 6, 7], [8, 9, 10], [11, 12, 13, 14], [15, 16, 17, 18, 19], [20, 21, 22, 23], [24, 25, 26, 27], [28, 29, 30, 31], [32, 33, 34, 35, 36], [37, 38, 39, 40, 41], [42, 43, 44], [45, 46, 47, 48], [49, 50, 51], [52, 53, 54, 55], [56, 57, 58, 59], [60, 61, 62], [63, 64, 65, 66, 67], [68, 69, 70, 71], [72, 73, 74, 75, 76], [77, 78, 79], [80, 81, 82, 83, 84], [85, 86, 87, 88], [89, 90, 91, 92], [93, 94, 95], [96, 97, 98, 99, 100]]",25,238,10.058917626000001,2912,40.766019539000006,,119,1456
Block=5_Prob=2_n=100_nsets=100,"Vector{T} where T[[1, 2, 3, 4], [5, 6, 7], [8, 9, 10], [11, 12, 13, 14], [15, 16, 17, 18, 19], [20, 21, 22, 23], [24, 25, 26, 27], [28, 29, 30, 31], [32, 33, 34, 35, 36], [37, 38, 39, 40, 41], [42, 43, 44], [45, 46, 47, 48], [49, 50, 51], [52, 53, 54, 55], [56, 57, 58, 59], [60, 61, 62], [63, 64, 65, 66, 67], [68, 69, 70, 71], [72, 73, 74, 75, 76], [77, 78, 79], [80, 81, 82, 83, 84], [85, 86, 87, 88], [89, 90, 91, 92], [93, 94, 95], [96, 97, 98, 99, 100]]",25,144,5.1817903030000005,2812,25.742155995,,72,1406
Block=1_Prob=1_n=100_nsets=200,"Vector{T} where T[[1, 2, 3, 4], [5, 6, 7, 8, 9], [10, 11, 12], [13, 14, 15], [16, 17, 18], [19, 20, 21, 22, 23], [24, 25, 26, 27, 28], [29, 30, 31], [32, 33, 34, 35, 36], [37, 38, 39], [40, 41, 42, 43], [44, 45, 46, 47, 48], [49, 50, 51], [52, 53, 54, 55], [56, 57, 58], [59, 60, 61, 62, 63], [64, 65, 66, 67], [68, 69, 70, 71, 72], [73, 74, 75, 76, 77], [78, 79, 80, 81, 82], [83, 84, 85, 86], [87, 88, 89, 90, 91], [92, 93, 94, 95], [96, 97, 98, 99, 100], [101, 102, 103, 104], [105, 106, 107, 108, 109], [110, 111, 112, 113], [114, 115, 116], [117, 118, 119, 120, 121], [122, 123, 124], [125, 126, 127], [128, 129, 130, 131, 132], [133, 134, 135], [136, 137, 138, 139, 140], [141, 142, 143], [144, 145, 146, 147], [148, 149, 150, 151], [152, 153, 154, 155], [156, 157, 158], [159, 160, 161, 162], [163, 164, 165], [166, 167, 168, 169, 170], [171, 172, 173, 174, 175], [176, 177, 178, 179], [180, 181, 182, 183], [184, 185, 186, 187], [188, 189, 190, 191, 192], [193, 194, 195, 196, 197], [198, 199, 200]]",49,256,8.867165401000001,5962,41.759484656000005,,128,2981
Block=1_Prob=2_n=100_nsets=200,"Vector{T} where T[[1, 2, 3, 4], [5, 6, 7, 8, 9], [10, 11, 12], [13, 14, 15], [16, 17, 18], [19, 20, 21, 22, 23], [24, 25, 26, 27, 28], [29, 30, 31], [32, 33, 34, 35, 36], [37, 38, 39], [40, 41, 42, 43], [44, 45, 46, 47, 48], [49, 50, 51], [52, 53, 54, 55], [56, 57, 58], [59, 60, 61, 62, 63], [64, 65, 66, 67], [68, 69, 70, 71, 72], [73, 74, 75, 76, 77], [78, 79, 80, 81, 82], [83, 84, 85, 86], [87, 88, 89, 90, 91], [92, 93, 94, 95], [96, 97, 98, 99, 100], [101, 102, 103, 104], [105, 106, 107, 108, 109], [110, 111, 112, 113], [114, 115, 116], [117, 118, 119, 120, 121], [122, 123, 124], [125, 126, 127], [128, 129, 130, 131, 132], [133, 134, 135], [136, 137, 138, 139, 140], [141, 142, 143], [144, 145, 146, 147], [148, 149, 150, 151], [152, 153, 154, 155], [156, 157, 158], [159, 160, 161, 162], [163, 164, 165], [166, 167, 168, 169, 170], [171, 172, 173, 174, 175], [176, 177, 178, 179], [180, 181, 182, 183], [184, 185, 186, 187], [188, 189, 190, 191, 192], [193, 194, 195, 196, 197], [198, 199, 200]]",49,250,16.811730394,5130,131.19835929500002,,125,2565
Block=2_Prob=1_n=100_nsets=200,"Vector{T} where T[[1, 2, 3, 4, 5], [6, 7, 8, 9, 10], [11, 12, 13], [14, 15, 16, 17, 18], [19, 20, 21, 22], [23, 24, 25], [26, 27, 28, 29], [30, 31, 32, 33, 34], [35, 36, 37, 38, 39], [40, 41, 42], [43, 44, 45, 46, 47], [48, 49, 50, 51, 52], [53, 54, 55, 56], [57, 58, 59, 60, 61], [62, 63, 64, 65], [66, 67, 68], [69, 70, 71, 72, 73], [74, 75, 76, 77], [78, 79, 80, 81], [82, 83, 84, 85], [86, 87, 88, 89, 90], [91, 92, 93], [94, 95, 96, 97, 98], [99, 100, 101, 102], [103, 104, 105, 106, 107], [108, 109, 110, 111, 112], [113, 114, 115, 116, 117], [118, 119, 120, 121, 122], [123, 124, 125, 126, 127], [128, 129, 130, 131, 132], [133, 134, 135, 136, 137], [138, 139, 140], [141, 142, 143], [144, 145, 146, 147], [148, 149, 150], [151, 152, 153, 154], [155, 156, 157], [158, 159, 160, 161, 162], [163, 164, 165, 166], [167, 168, 169, 170], [171, 172, 173], [174, 175, 176], [177, 178, 179, 180], [181, 182, 183, 184, 185], [186, 187, 188, 189, 190], [191, 192, 193], [194, 195, 196, 197], [198, 199, 200]]",48,110,10.34968272,50000,70.58829486100001,,55,25000
Block=2_Prob=2_n=100_nsets=200,"Vector{T} where T[[1, 2, 3, 4, 5], [6, 7, 8, 9, 10], [11, 12, 13], [14, 15, 16, 17, 18], [19, 20, 21, 22], [23, 24, 25], [26, 27, 28, 29], [30, 31, 32, 33, 34], [35, 36, 37, 38, 39], [40, 41, 42], [43, 44, 45, 46, 47], [48, 49, 50, 51, 52], [53, 54, 55, 56], [57, 58, 59, 60, 61], [62, 63, 64, 65], [66, 67, 68], [69, 70, 71, 72, 73], [74, 75, 76, 77], [78, 79, 80, 81], [82, 83, 84, 85], [86, 87, 88, 89, 90], [91, 92, 93], [94, 95, 96, 97, 98], [99, 100, 101, 102], [103, 104, 105, 106, 107], [108, 109, 110, 111, 112], [113, 114, 115, 116, 117], [118, 119, 120, 121, 122], [123, 124, 125, 126, 127], [128, 129, 130, 131, 132], [133, 134, 135, 136, 137], [138, 139, 140], [141, 142, 143], [144, 145, 146, 147], [148, 149, 150], [151, 152, 153, 154], [155, 156, 157], [158, 159, 160, 161, 162], [163, 164, 165, 166], [167, 168, 169, 170], [171, 172, 173], [174, 175, 176], [177, 178, 179, 180], [181, 182, 183, 184, 185], [186, 187, 188, 189, 190], [191, 192, 193], [194, 195, 196, 197], [198, 199, 200]]",48,130,11.279649051,7138,47.942097339,,65,3569
Block=3_Prob=1_n=100_nsets=200,"Vector{T} where T[[1, 2, 3, 4, 5], [6, 7, 8, 9], [10, 11, 12], [13, 14, 15], [16, 17, 18, 19], [20, 21, 22, 23, 24], [25, 26, 27, 28], [29, 30, 31, 32], [33, 34, 35, 36], [37, 38, 39, 40, 41], [42, 43, 44, 45, 46], [47, 48, 49], [50, 51, 52, 53], [54, 55, 56], [57, 58, 59, 60], [61, 62, 63, 64], [65, 66, 67], [68, 69, 70, 71, 72], [73, 74, 75, 76], [77, 78, 79, 80, 81], [82, 83, 84], [85, 86, 87, 88, 89], [90, 91, 92, 93], [94, 95, 96, 97], [98, 99, 100], [101, 102, 103, 104, 105], [106, 107, 108], [109, 110, 111, 112, 113], [114, 115, 116], [117, 118, 119, 120], [121, 122, 123], [124, 125, 126, 127, 128], [129, 130, 131, 132, 133], [134, 135, 136, 137, 138], [139, 140, 141, 142, 143], [144, 145, 146, 147], [148, 149, 150, 151, 152], [153, 154, 155, 156], [157, 158, 159], [160, 161, 162, 163], [164, 165, 166, 167], [168, 169, 170, 171], [172, 173, 174], [175, 176, 177, 178, 179], [180, 181, 182, 183, 184], [185, 186, 187, 188, 189], [190, 191, 192, 193, 194], [195, 196, 197, 198], [199, 200]]",49,628,9.238209295,4032,83.06755158,,314,2016
Block=3_Prob=2_n=100_nsets=200,"Vector{T} where T[[1, 2, 3, 4, 5], [6, 7, 8, 9], [10, 11, 12], [13, 14, 15], [16, 17, 18, 19], [20, 21, 22, 23, 24], [25, 26, 27, 28], [29, 30, 31, 32], [33, 34, 35, 36], [37, 38, 39, 40, 41], [42, 43, 44, 45, 46], [47, 48, 49], [50, 51, 52, 53], [54, 55, 56], [57, 58, 59, 60], [61, 62, 63, 64], [65, 66, 67], [68, 69, 70, 71, 72], [73, 74, 75, 76], [77, 78, 79, 80, 81], [82, 83, 84], [85, 86, 87, 88, 89], [90, 91, 92, 93], [94, 95, 96, 97], [98, 99, 100], [101, 102, 103, 104, 105], [106, 107, 108], [109, 110, 111, 112, 113], [114, 115, 116], [117, 118, 119, 120], [121, 122, 123], [124, 125, 126, 127, 128], [129, 130, 131, 132, 133], [134, 135, 136, 137, 138], [139, 140, 141, 142, 143], [144, 145, 146, 147], [148, 149, 150, 151, 152], [153, 154, 155, 156], [157, 158, 159], [160, 161, 162, 163], [164, 165, 166, 167], [168, 169, 170, 171], [172, 173, 174], [175, 176, 177, 178, 179], [180, 181, 182, 183, 184], [185, 186, 187, 188, 189], [190, 191, 192, 193, 194], [195, 196, 197, 198], [199, 200]]",49,370,10.052023083,19810,294.80107465000003,,185,9905
Block=4_Prob=1_n=100_nsets=200,"Vector{T} where T[[1, 2, 3], [4, 5, 6], [7, 8, 9, 10, 11], [12, 13, 14], [15, 16, 17], [18, 19, 20, 21], [22, 23, 24, 25], [26, 27, 28, 29], [30, 31, 32, 33, 34], [35, 36, 37], [38, 39, 40], [41, 42, 43], [44, 45, 46, 47], [48, 49, 50], [51, 52, 53], [54, 55, 56, 57, 58], [59, 60, 61, 62, 63], [64, 65, 66, 67], [68, 69, 70, 71, 72], [73, 74, 75], [76, 77, 78, 79, 80], [81, 82, 83, 84], [85, 86, 87, 88], [89, 90, 91, 92], [93, 94, 95], [96, 97, 98], [99, 100, 101], [102, 103, 104, 105], [106, 107, 108, 109], [110, 111, 112, 113, 114], [115, 116, 117, 118, 119], [120, 121, 122, 123, 124], [125, 126, 127, 128, 129], [130, 131, 132], [133, 134, 135, 136], [137, 138, 139], [140, 141, 142, 143], [144, 145, 146, 147], [148, 149, 150, 151, 152], [153, 154, 155, 156, 157], [158, 159, 160, 161, 162], [163, 164, 165, 166, 167], [168, 169, 170], [171, 172, 173, 174], [175, 176, 177], [178, 179, 180], [181, 182, 183], [184, 185, 186, 187, 188], [189, 190, 191, 192], [193, 194, 195], [196, 197, 198], [199, 200]]",52,394,11.754222319,6492,43.648170275000005,,197,3246
Block=4_Prob=2_n=100_nsets=200,"Vector{T} where T[[1, 2, 3], [4, 5, 6], [7, 8, 9, 10, 11], [12, 13, 14], [15, 16, 17], [18, 19, 20, 21], [22, 23, 24, 25], [26, 27, 28, 29], [30, 31, 32, 33, 34], [35, 36, 37], [38, 39, 40], [41, 42, 43], [44, 45, 46, 47], [48, 49, 50], [51, 52, 53], [54, 55, 56, 57, 58], [59, 60, 61, 62, 63], [64, 65, 66, 67], [68, 69, 70, 71, 72], [73, 74, 75], [76, 77, 78, 79, 80], [81, 82, 83, 84], [85, 86, 87, 88], [89, 90, 91, 92], [93, 94, 95], [96, 97, 98], [99, 100, 101], [102, 103, 104, 105], [106, 107, 108, 109], [110, 111, 112, 113, 114], [115, 116, 117, 118, 119], [120, 121, 122, 123, 124], [125, 126, 127, 128, 129], [130, 131, 132], [133, 134, 135, 136], [137, 138, 139], [140, 141, 142, 143], [144, 145, 146, 147], [148, 149, 150, 151, 152], [153, 154, 155, 156, 157], [158, 159, 160, 161, 162], [163, 164, 165, 166, 167], [168, 169, 170], [171, 172, 173, 174], [175, 176, 177], [178, 179, 180], [181, 182, 183], [184, 185, 186, 187, 188], [189, 190, 191, 192], [193, 194, 195], [196, 197, 198], [199, 200]]",52,216,11.932802538,7394,121.82265462800001,,108,3697
Block=5_Prob=1_n=100_nsets=200,"Vector{T} where T[[1, 2, 3, 4, 5], [6, 7, 8, 9, 10], [11, 12, 13, 14, 15], [16, 17, 18, 19, 20], [21, 22, 23], [24, 25, 26, 27], [28, 29, 30, 31], [32, 33, 34, 35, 36], [37, 38, 39, 40], [41, 42, 43], [44, 45, 46, 47, 48], [49, 50, 51], [52, 53, 54], [55, 56, 57, 58, 59], [60, 61, 62], [63, 64, 65, 66, 67], [68, 69, 70, 71], [72, 73, 74, 75, 76], [77, 78, 79, 80, 81], [82, 83, 84], [85, 86, 87, 88], [89, 90, 91, 92], [93, 94, 95], [96, 97, 98], [99, 100, 101], [102, 103, 104], [105, 106, 107, 108], [109, 110, 111], [112, 113, 114, 115, 116], [117, 118, 119, 120], [121, 122, 123], [124, 125, 126, 127, 128], [129, 130, 131, 132], [133, 134, 135], [136, 137, 138, 139], [140, 141, 142, 143], [144, 145, 146, 147], [148, 149, 150, 151, 152], [153, 154, 155, 156, 157], [158, 159, 160], [161, 162, 163, 164], [165, 166, 167], [168, 169, 170], [171, 172, 173, 174, 175], [176, 177, 178, 179], [180, 181, 182, 183, 184], [185, 186, 187, 188, 189], [190, 191, 192, 193], [194, 195, 196, 197, 198], [199, 200]]",50,312,11.235783721,19956,95.938206605,,156,9978
Block=5_Prob=2_n=100_nsets=200,"Vector{T} where T[[1, 2, 3, 4, 5], [6, 7, 8, 9, 10], [11, 12, 13, 14, 15], [16, 17, 18, 19, 20], [21, 22, 23], [24, 25, 26, 27], [28, 29, 30, 31], [32, 33, 34, 35, 36], [37, 38, 39, 40], [41, 42, 43], [44, 45, 46, 47, 48], [49, 50, 51], [52, 53, 54], [55, 56, 57, 58, 59], [60, 61, 62], [63, 64, 65, 66, 67], [68, 69, 70, 71], [72, 73, 74, 75, 76], [77, 78, 79, 80, 81], [82, 83, 84], [85, 86, 87, 88], [89, 90, 91, 92], [93, 94, 95], [96, 97, 98], [99, 100, 101], [102, 103, 104], [105, 106, 107, 108], [109, 110, 111], [112, 113, 114, 115, 116], [117, 118, 119, 120], [121, 122, 123], [124, 125, 126, 127, 128], [129, 130, 131, 132], [133, 134, 135], [136, 137, 138, 139], [140, 141, 142, 143], [144, 145, 146, 147], [148, 149, 150, 151, 152], [153, 154, 155, 156, 157], [158, 159, 160], [161, 162, 163, 164], [165, 166, 167], [168, 169, 170], [171, 172, 173, 174, 175], [176, 177, 178, 179], [180, 181, 182, 183, 184], [185, 186, 187, 188, 189], [190, 191, 192, 193], [194, 195, 196, 197, 198], [199, 200]]",50,498,10.78348556,11994,97.747702703,,249,5997
Block=1_Prob=1_n=100_nsets=400,"Vector{T} where T[[1, 2, 3, 4], [5, 6, 7, 8, 9], [10, 11, 12], [13, 14, 15], [16, 17, 18], [19, 20, 21, 22, 23], [24, 25, 26, 27, 28], [29, 30, 31], [32, 33, 34, 35, 36], [37, 38, 39], [40, 41, 42, 43], [44, 45, 46, 47, 48], [49, 50, 51], [52, 53, 54, 55], [56, 57, 58], [59, 60, 61, 62, 63], [64, 65, 66, 67], [68, 69, 70, 71, 72], [73, 74, 75, 76, 77], [78, 79, 80, 81, 82], [83, 84, 85, 86], [87, 88, 89, 90, 91], [92, 93, 94, 95], [96, 97, 98, 99, 100], [101, 102, 103, 104], [105, 106, 107, 108, 109], [110, 111, 112, 113], [114, 115, 116], [117, 118, 119, 120, 121], [122, 123, 124], [125, 126, 127], [128, 129, 130, 131, 132], [133, 134, 135], [136, 137, 138, 139, 140], [141, 142, 143], [144, 145, 146, 147], [148, 149, 150, 151], [152, 153, 154, 155], [156, 157, 158], [159, 160, 161, 162], [163, 164, 165], [166, 167, 168, 169, 170], [171, 172, 173, 174, 175], [176, 177, 178, 179], [180, 181, 182, 183], [184, 185, 186, 187], [188, 189, 190, 191, 192], [193, 194, 195, 196, 197], [198, 199, 200], [201, 202, 203, 204, 205], [206, 207, 208, 209, 210], [211, 212, 213], [214, 215, 216, 217, 218], [219, 220, 221, 222], [223, 224, 225], [226, 227, 228, 229], [230, 231, 232, 233, 234], [235, 236, 237, 238, 239], [240, 241, 242], [243, 244, 245, 246, 247], [248, 249, 250, 251, 252], [253, 254, 255, 256], [257, 258, 259, 260, 261], [262, 263, 264, 265], [266, 267, 268], [269, 270, 271, 272, 273], [274, 275, 276, 277], [278, 279, 280, 281], [282, 283, 284, 285], [286, 287, 288, 289, 290], [291, 292, 293], [294, 295, 296, 297, 298], [299, 300, 301, 302], [303, 304, 305, 306, 307], [308, 309, 310, 311, 312], [313, 314, 315, 316, 317], [318, 319, 320, 321, 322], [323, 324, 325, 326, 327], [328, 329, 330, 331, 332], [333, 334, 335, 336, 337], [338, 339, 340], [341, 342, 343], [344, 345, 346, 347], [348, 349, 350], [351, 352, 353, 354], [355, 356, 357], [358, 359, 360, 361, 362], [363, 364, 365, 366], [367, 368, 369, 370], [371, 372, 373], [374, 375, 376], [377, 378, 379, 380], [381, 382, 383, 384, 385], [386, 387, 388, 389, 390], [391, 392, 393], [394, 395, 396, 397], [398, 399, 400]]",97,238,15.744166133,4256,99.726109249,,119,2128
Block=1_Prob=2_n=100_nsets=400,"Vector{T} where T[[1, 2, 3, 4], [5, 6, 7, 8, 9], [10, 11, 12], [13, 14, 15], [16, 17, 18], [19, 20, 21, 22, 23], [24, 25, 26, 27, 28], [29, 30, 31], [32, 33, 34, 35, 36], [37, 38, 39], [40, 41, 42, 43], [44, 45, 46, 47, 48], [49, 50, 51], [52, 53, 54, 55], [56, 57, 58], [59, 60, 61, 62, 63], [64, 65, 66, 67], [68, 69, 70, 71, 72], [73, 74, 75, 76, 77], [78, 79, 80, 81, 82], [83, 84, 85, 86], [87, 88, 89, 90, 91], [92, 93, 94, 95], [96, 97, 98, 99, 100], [101, 102, 103, 104], [105, 106, 107, 108, 109], [110, 111, 112, 113], [114, 115, 116], [117, 118, 119, 120, 121], [122, 123, 124], [125, 126, 127], [128, 129, 130, 131, 132], [133, 134, 135], [136, 137, 138, 139, 140], [141, 142, 143], [144, 145, 146, 147], [148, 149, 150, 151], [152, 153, 154, 155], [156, 157, 158], [159, 160, 161, 162], [163, 164, 165], [166, 167, 168, 169, 170], [171, 172, 173, 174, 175], [176, 177, 178, 179], [180, 181, 182, 183], [184, 185, 186, 187], [188, 189, 190, 191, 192], [193, 194, 195, 196, 197], [198, 199, 200], [201, 202, 203, 204, 205], [206, 207, 208, 209, 210], [211, 212, 213], [214, 215, 216, 217, 218], [219, 220, 221, 222], [223, 224, 225], [226, 227, 228, 229], [230, 231, 232, 233, 234], [235, 236, 237, 238, 239], [240, 241, 242], [243, 244, 245, 246, 247], [248, 249, 250, 251, 252], [253, 254, 255, 256], [257, 258, 259, 260, 261], [262, 263, 264, 265], [266, 267, 268], [269, 270, 271, 272, 273], [274, 275, 276, 277], [278, 279, 280, 281], [282, 283, 284, 285], [286, 287, 288, 289, 290], [291, 292, 293], [294, 295, 296, 297, 298], [299, 300, 301, 302], [303, 304, 305, 306, 307], [308, 309, 310, 311, 312], [313, 314, 315, 316, 317], [318, 319, 320, 321, 322], [323, 324, 325, 326, 327], [328, 329, 330, 331, 332], [333, 334, 335, 336, 337], [338, 339, 340], [341, 342, 343], [344, 345, 346, 347], [348, 349, 350], [351, 352, 353, 354], [355, 356, 357], [358, 359, 360, 361, 362], [363, 364, 365, 366], [367, 368, 369, 370], [371, 372, 373], [374, 375, 376], [377, 378, 379, 380], [381, 382, 383, 384, 385], [386, 387, 388, 389, 390], [391, 392, 393], [394, 395, 396, 397], [398, 399, 400]]",97,408,26.791851154000003,31722,179.590617664,,204,15861
Block=2_Prob=1_n=100_nsets=400,"Vector{T} where T[[1, 2, 3, 4, 5], [6, 7, 8, 9], [10, 11, 12], [13, 14, 15], [16, 17, 18, 19], [20, 21, 22, 23, 24], [25, 26, 27, 28], [29, 30, 31, 32], [33, 34, 35, 36], [37, 38, 39, 40, 41], [42, 43, 44, 45, 46], [47, 48, 49], [50, 51, 52, 53], [54, 55, 56], [57, 58, 59, 60], [61, 62, 63, 64], [65, 66, 67], [68, 69, 70, 71, 72], [73, 74, 75, 76], [77, 78, 79, 80, 81], [82, 83, 84], [85, 86, 87, 88, 89], [90, 91, 92, 93], [94, 95, 96, 97], [98, 99, 100], [101, 102, 103, 104, 105], [106, 107, 108], [109, 110, 111, 112, 113], [114, 115, 116], [117, 118, 119, 120], [121, 122, 123], [124, 125, 126, 127, 128], [129, 130, 131, 132, 133], [134, 135, 136, 137, 138], [139, 140, 141, 142, 143], [144, 145, 146, 147], [148, 149, 150, 151, 152], [153, 154, 155, 156], [157, 158, 159], [160, 161, 162, 163], [164, 165, 166, 167], [168, 169, 170, 171], [172, 173, 174], [175, 176, 177, 178, 179], [180, 181, 182, 183, 184], [185, 186, 187, 188, 189], [190, 191, 192, 193, 194], [195, 196, 197, 198], [199, 200, 201, 202], [203, 204, 205], [206, 207, 208], [209, 210, 211, 212, 213], [214, 215, 216], [217, 218, 219], [220, 221, 222, 223], [224, 225, 226, 227], [228, 229, 230, 231], [232, 233, 234, 235, 236], [237, 238, 239], [240, 241, 242], [243, 244, 245], [246, 247, 248, 249], [250, 251, 252], [253, 254, 255], [256, 257, 258, 259, 260], [261, 262, 263, 264, 265], [266, 267, 268, 269], [270, 271, 272, 273, 274], [275, 276, 277], [278, 279, 280, 281, 282], [283, 284, 285, 286], [287, 288, 289, 290], [291, 292, 293, 294], [295, 296, 297], [298, 299, 300], [301, 302, 303], [304, 305, 306, 307], [308, 309, 310, 311], [312, 313, 314, 315, 316], [317, 318, 319, 320, 321], [322, 323, 324, 325, 326], [327, 328, 329, 330, 331], [332, 333, 334], [335, 336, 337, 338], [339, 340, 341], [342, 343, 344, 345], [346, 347, 348, 349], [350, 351, 352, 353, 354], [355, 356, 357, 358, 359], [360, 361, 362, 363, 364], [365, 366, 367, 368, 369], [370, 371, 372], [373, 374, 375, 376], [377, 378, 379], [380, 381, 382], [383, 384, 385], [386, 387, 388, 389, 390], [391, 392, 393, 394], [395, 396, 397], [398, 399, 400]]",100,98,17.841227387,5776,74.197706396,,49,2888
Block=2_Prob=2_n=100_nsets=400,"Vector{T} where T[[1, 2, 3, 4, 5], [6, 7, 8, 9], [10, 11, 12], [13, 14, 15], [16, 17, 18, 19], [20, 21, 22, 23, 24], [25, 26, 27, 28], [29, 30, 31, 32], [33, 34, 35, 36], [37, 38, 39, 40, 41], [42, 43, 44, 45, 46], [47, 48, 49], [50, 51, 52, 53], [54, 55, 56], [57, 58, 59, 60], [61, 62, 63, 64], [65, 66, 67], [68, 69, 70, 71, 72], [73, 74, 75, 76], [77, 78, 79, 80, 81], [82, 83, 84], [85, 86, 87, 88, 89], [90, 91, 92, 93], [94, 95, 96, 97], [98, 99, 100], [101, 102, 103, 104, 105], [106, 107, 108], [109, 110, 111, 112, 113], [114, 115, 116], [117, 118, 119, 120], [121, 122, 123], [124, 125, 126, 127, 128], [129, 130, 131, 132, 133], [134, 135, 136, 137, 138], [139, 140, 141, 142, 143], [144, 145, 146, 147], [148, 149, 150, 151, 152], [153, 154, 155, 156], [157, 158, 159], [160, 161, 162, 163], [164, 165, 166, 167], [168, 169, 170, 171], [172, 173, 174], [175, 176, 177, 178, 179], [180, 181, 182, 183, 184], [185, 186, 187, 188, 189], [190, 191, 192, 193, 194], [195, 196, 197, 198], [199, 200, 201, 202], [203, 204, 205], [206, 207, 208], [209, 210, 211, 212, 213], [214, 215, 216], [217, 218, 219], [220, 221, 222, 223], [224, 225, 226, 227], [228, 229, 230, 231], [232, 233, 234, 235, 236], [237, 238, 239], [240, 241, 242], [243, 244, 245], [246, 247, 248, 249], [250, 251, 252], [253, 254, 255], [256, 257, 258, 259, 260], [261, 262, 263, 264, 265], [266, 267, 268, 269], [270, 271, 272, 273, 274], [275, 276, 277], [278, 279, 280, 281, 282], [283, 284, 285, 286], [287, 288, 289, 290], [291, 292, 293, 294], [295, 296, 297], [298, 299, 300], [301, 302, 303], [304, 305, 306, 307], [308, 309, 310, 311], [312, 313, 314, 315, 316], [317, 318, 319, 320, 321], [322, 323, 324, 325, 326], [327, 328, 329, 330, 331], [332, 333, 334], [335, 336, 337, 338], [339, 340, 341], [342, 343, 344, 345], [346, 347, 348, 349], [350, 351, 352, 353, 354], [355, 356, 357, 358, 359], [360, 361, 362, 363, 364], [365, 366, 367, 368, 369], [370, 371, 372], [373, 374, 375, 376], [377, 378, 379], [380, 381, 382], [383, 384, 385], [386, 387, 388, 389, 390], [391, 392, 393, 394], [395, 396, 397], [398, 399, 400]]",100,798,22.429073368,17690,195.607521428,,399,8845
Block=3_Prob=1_n=100_nsets=400,"Vector{T} where T[[1, 2, 3], [4, 5, 6, 7, 8], [9, 10, 11, 12, 13], [14, 15, 16, 17, 18], [19, 20, 21, 22, 23], [24, 25, 26], [27, 28, 29, 30], [31, 32, 33, 34], [35, 36, 37, 38, 39], [40, 41, 42, 43], [44, 45, 46], [47, 48, 49, 50, 51], [52, 53, 54], [55, 56, 57], [58, 59, 60, 61, 62], [63, 64, 65], [66, 67, 68, 69, 70], [71, 72, 73, 74], [75, 76, 77, 78, 79], [80, 81, 82, 83, 84], [85, 86, 87], [88, 89, 90, 91], [92, 93, 94, 95], [96, 97, 98], [99, 100, 101], [102, 103, 104], [105, 106, 107], [108, 109, 110, 111], [112, 113, 114], [115, 116, 117, 118, 119], [120, 121, 122, 123], [124, 125, 126], [127, 128, 129, 130, 131], [132, 133, 134, 135], [136, 137, 138], [139, 140, 141, 142], [143, 144, 145, 146], [147, 148, 149, 150], [151, 152, 153, 154, 155], [156, 157, 158, 159, 160], [161, 162, 163], [164, 165, 166, 167], [168, 169, 170], [171, 172, 173], [174, 175, 176, 177, 178], [179, 180, 181, 182], [183, 184, 185, 186, 187], [188, 189, 190, 191, 192], [193, 194, 195, 196], [197, 198, 199, 200, 201], [202, 203, 204, 205, 206], [207, 208, 209, 210], [211, 212, 213, 214], [215, 216, 217], [218, 219, 220, 221], [222, 223, 224, 225], [226, 227, 228, 229, 230], [231, 232, 233, 234, 235], [236, 237, 238], [239, 240, 241, 242], [243, 244, 245, 246], [247, 248, 249, 250], [251, 252, 253], [254, 255, 256, 257, 258], [259, 260, 261, 262, 263], [264, 265, 266], [267, 268, 269, 270], [271, 272, 273], [274, 275, 276], [277, 278, 279, 280, 281], [282, 283, 284, 285, 286], [287, 288, 289, 290, 291], [292, 293, 294], [295, 296, 297, 298, 299], [300, 301, 302, 303, 304], [305, 306, 307, 308, 309], [310, 311, 312, 313], [314, 315, 316, 317], [318, 319, 320], [321, 322, 323, 324, 325], [326, 327, 328], [329, 330, 331, 332, 333], [334, 335, 336, 337], [338, 339, 340, 341], [342, 343, 344, 345], [346, 347, 348], [349, 350, 351, 352], [353, 354, 355, 356], [357, 358, 359, 360], [361, 362, 363, 364, 365], [366, 367, 368], [369, 370, 371], [372, 373, 374], [375, 376, 377], [378, 379, 380], [381, 382, 383, 384], [385, 386, 387, 388, 389], [390, 391, 392], [393, 394, 395, 396], [397, 398, 399, 400]]",100,336,30.040381504000003,17072,142.042195687,,168,8536
Block=3_Prob=2_n=100_nsets=400,"Vector{T} where T[[1, 2, 3], [4, 5, 6, 7, 8], [9, 10, 11, 12, 13], [14, 15, 16, 17, 18], [19, 20, 21, 22, 23], [24, 25, 26], [27, 28, 29, 30], [31, 32, 33, 34], [35, 36, 37, 38, 39], [40, 41, 42, 43], [44, 45, 46], [47, 48, 49, 50, 51], [52, 53, 54], [55, 56, 57], [58, 59, 60, 61, 62], [63, 64, 65], [66, 67, 68, 69, 70], [71, 72, 73, 74], [75, 76, 77, 78, 79], [80, 81, 82, 83, 84], [85, 86, 87], [88, 89, 90, 91], [92, 93, 94, 95], [96, 97, 98], [99, 100, 101], [102, 103, 104], [105, 106, 107], [108, 109, 110, 111], [112, 113, 114], [115, 116, 117, 118, 119], [120, 121, 122, 123], [124, 125, 126], [127, 128, 129, 130, 131], [132, 133, 134, 135], [136, 137, 138], [139, 140, 141, 142], [143, 144, 145, 146], [147, 148, 149, 150], [151, 152, 153, 154, 155], [156, 157, 158, 159, 160], [161, 162, 163], [164, 165, 166, 167], [168, 169, 170], [171, 172, 173], [174, 175, 176, 177, 178], [179, 180, 181, 182], [183, 184, 185, 186, 187], [188, 189, 190, 191, 192], [193, 194, 195, 196], [197, 198, 199, 200, 201], [202, 203, 204, 205, 206], [207, 208, 209, 210], [211, 212, 213, 214], [215, 216, 217], [218, 219, 220, 221], [222, 223, 224, 225], [226, 227, 228, 229, 230], [231, 232, 233, 234, 235], [236, 237, 238], [239, 240, 241, 242], [243, 244, 245, 246], [247, 248, 249, 250], [251, 252, 253], [254, 255, 256, 257, 258], [259, 260, 261, 262, 263], [264, 265, 266], [267, 268, 269, 270], [271, 272, 273], [274, 275, 276], [277, 278, 279, 280, 281], [282, 283, 284, 285, 286], [287, 288, 289, 290, 291], [292, 293, 294], [295, 296, 297, 298, 299], [300, 301, 302, 303, 304], [305, 306, 307, 308, 309], [310, 311, 312, 313], [314, 315, 316, 317], [318, 319, 320], [321, 322, 323, 324, 325], [326, 327, 328], [329, 330, 331, 332, 333], [334, 335, 336, 337], [338, 339, 340, 341], [342, 343, 344, 345], [346, 347, 348], [349, 350, 351, 352], [353, 354, 355, 356], [357, 358, 359, 360], [361, 362, 363, 364, 365], [366, 367, 368], [369, 370, 371], [372, 373, 374], [375, 376, 377], [378, 379, 380], [381, 382, 383, 384], [385, 386, 387, 388, 389], [390, 391, 392], [393, 394, 395, 396], [397, 398, 399, 400]]",100,392,18.4898816,50000,160.01444438500002,,196,25000
Block=4_Prob=1_n=100_nsets=400,"Vector{T} where T[[1, 2, 3, 4], [5, 6, 7, 8], [9, 10, 11], [12, 13, 14], [15, 16, 17, 18], [19, 20, 21, 22, 23], [24, 25, 26, 27], [28, 29, 30, 31], [32, 33, 34, 35], [36, 37, 38, 39], [40, 41, 42, 43, 44], [45, 46, 47, 48, 49], [50, 51, 52, 53], [54, 55, 56, 57, 58], [59, 60, 61, 62, 63], [64, 65, 66, 67, 68], [69, 70, 71], [72, 73, 74, 75, 76], [77, 78, 79, 80, 81], [82, 83, 84], [85, 86, 87], [88, 89, 90], [91, 92, 93, 94, 95], [96, 97, 98, 99, 100], [101, 102, 103], [104, 105, 106, 107], [108, 109, 110, 111], [112, 113, 114, 115], [116, 117, 118, 119], [120, 121, 122, 123, 124], [125, 126, 127, 128], [129, 130, 131], [132, 133, 134, 135, 136], [137, 138, 139], [140, 141, 142, 143], [144, 145, 146], [147, 148, 149, 150, 151], [152, 153, 154, 155], [156, 157, 158], [159, 160, 161, 162], [163, 164, 165, 166], [167, 168, 169], [170, 171, 172, 173], [174, 175, 176, 177, 178], [179, 180, 181], [182, 183, 184], [185, 186, 187, 188, 189], [190, 191, 192, 193, 194], [195, 196, 197], [198, 199, 200], [201, 202, 203], [204, 205, 206], [207, 208, 209, 210], [211, 212, 213], [214, 215, 216], [217, 218, 219, 220, 221], [222, 223, 224], [225, 226, 227, 228], [229, 230, 231, 232, 233], [234, 235, 236, 237], [238, 239, 240, 241], [242, 243, 244, 245], [246, 247, 248], [249, 250, 251, 252], [253, 254, 255, 256], [257, 258, 259, 260], [261, 262, 263, 264], [265, 266, 267], [268, 269, 270, 271, 272], [273, 274, 275, 276], [277, 278, 279, 280, 281], [282, 283, 284, 285], [286, 287, 288, 289], [290, 291, 292, 293, 294], [295, 296, 297], [298, 299, 300, 301], [302, 303, 304, 305], [306, 307, 308, 309, 310], [311, 312, 313, 314], [315, 316, 317], [318, 319, 320], [321, 322, 323, 324, 325], [326, 327, 328, 329, 330], [331, 332, 333, 334], [335, 336, 337], [338, 339, 340, 341, 342], [343, 344, 345], [346, 347, 348, 349], [350, 351, 352], [353, 354, 355, 356], [357, 358, 359, 360], [361, 362, 363], [364, 365, 366, 367, 368], [369, 370, 371, 372, 373], [374, 375, 376, 377, 378], [379, 380, 381], [382, 383, 384, 385, 386], [387, 388, 389, 390], [391, 392, 393, 394, 395], [396, 397, 398, 399, 400]]",100,280,20.334914315000002,14754,153.093083983,,140,7377
Block=4_Prob=2_n=100_nsets=400,"Vector{T} where T[[1, 2, 3, 4], [5, 6, 7, 8], [9, 10, 11], [12, 13, 14], [15, 16, 17, 18], [19, 20, 21, 22, 23], [24, 25, 26, 27], [28, 29, 30, 31], [32, 33, 34, 35], [36, 37, 38, 39], [40, 41, 42, 43, 44], [45, 46, 47, 48, 49], [50, 51, 52, 53], [54, 55, 56, 57, 58], [59, 60, 61, 62, 63], [64, 65, 66, 67, 68], [69, 70, 71], [72, 73, 74, 75, 76], [77, 78, 79, 80, 81], [82, 83, 84], [85, 86, 87], [88, 89, 90], [91, 92, 93, 94, 95], [96, 97, 98, 99, 100], [101, 102, 103], [104, 105, 106, 107], [108, 109, 110, 111], [112, 113, 114, 115], [116, 117, 118, 119], [120, 121, 122, 123, 124], [125, 126, 127, 128], [129, 130, 131], [132, 133, 134, 135, 136], [137, 138, 139], [140, 141, 142, 143], [144, 145, 146], [147, 148, 149, 150, 151], [152, 153, 154, 155], [156, 157, 158], [159, 160, 161, 162], [163, 164, 165, 166], [167, 168, 169], [170, 171, 172, 173], [174, 175, 176, 177, 178], [179, 180, 181], [182, 183, 184], [185, 186, 187, 188, 189], [190, 191, 192, 193, 194], [195, 196, 197], [198, 199, 200], [201, 202, 203], [204, 205, 206], [207, 208, 209, 210], [211, 212, 213], [214, 215, 216], [217, 218, 219, 220, 221], [222, 223, 224], [225, 226, 227, 228], [229, 230, 231, 232, 233], [234, 235, 236, 237], [238, 239, 240, 241], [242, 243, 244, 245], [246, 247, 248], [249, 250, 251, 252], [253, 254, 255, 256], [257, 258, 259, 260], [261, 262, 263, 264], [265, 266, 267], [268, 269, 270, 271, 272], [273, 274, 275, 276], [277, 278, 279, 280, 281], [282, 283, 284, 285], [286, 287, 288, 289], [290, 291, 292, 293, 294], [295, 296, 297], [298, 299, 300, 301], [302, 303, 304, 305], [306, 307, 308, 309, 310], [311, 312, 313, 314], [315, 316, 317], [318, 319, 320], [321, 322, 323, 324, 325], [326, 327, 328, 329, 330], [331, 332, 333, 334], [335, 336, 337], [338, 339, 340, 341, 342], [343, 344, 345], [346, 347, 348, 349], [350, 351, 352], [353, 354, 355, 356], [357, 358, 359, 360], [361, 362, 363], [364, 365, 366, 367, 368], [369, 370, 371, 372, 373], [374, 375, 376, 377, 378], [379, 380, 381], [382, 383, 384, 385, 386], [387, 388, 389, 390], [391, 392, 393, 394, 395], [396, 397, 398, 399, 400]]",100,284,19.045302719000002,7274,119.411535982,,142,3637
Block=5_Prob=1_n=100_nsets=400,"Vector{T} where T[[1, 2, 3, 4], [5, 6, 7, 8, 9], [10, 11, 12, 13], [14, 15, 16, 17], [18, 19, 20, 21, 22], [23, 24, 25, 26, 27], [28, 29, 30, 31], [32, 33, 34], [35, 36, 37], [38, 39, 40, 41, 42], [43, 44, 45], [46, 47, 48, 49, 50], [51, 52, 53], [54, 55, 56, 57, 58], [59, 60, 61, 62], [63, 64, 65], [66, 67, 68], [69, 70, 71, 72, 73], [74, 75, 76, 77, 78], [79, 80, 81, 82, 83], [84, 85, 86, 87, 88], [89, 90, 91], [92, 93, 94], [95, 96, 97, 98, 99], [100, 101, 102, 103, 104], [105, 106, 107, 108], [109, 110, 111], [112, 113, 114, 115], [116, 117, 118, 119], [120, 121, 122], [123, 124, 125, 126, 127], [128, 129, 130], [131, 132, 133], [134, 135, 136, 137, 138], [139, 140, 141, 142], [143, 144, 145, 146, 147], [148, 149, 150, 151], [152, 153, 154], [155, 156, 157, 158, 159], [160, 161, 162, 163], [164, 165, 166, 167], [168, 169, 170, 171], [172, 173, 174], [175, 176, 177], [178, 179, 180, 181, 182], [183, 184, 185, 186, 187], [188, 189, 190, 191, 192], [193, 194, 195, 196], [197, 198, 199, 200, 201], [202, 203, 204, 205, 206], [207, 208, 209], [210, 211, 212], [213, 214, 215, 216, 217], [218, 219, 220, 221], [222, 223, 224, 225], [226, 227, 228, 229, 230], [231, 232, 233, 234], [235, 236, 237, 238], [239, 240, 241, 242, 243], [244, 245, 246], [247, 248, 249], [250, 251, 252, 253], [254, 255, 256], [257, 258, 259], [260, 261, 262, 263], [264, 265, 266], [267, 268, 269, 270], [271, 272, 273], [274, 275, 276, 277, 278], [279, 280, 281], [282, 283, 284], [285, 286, 287, 288], [289, 290, 291], [292, 293, 294, 295, 296], [297, 298, 299], [300, 301, 302, 303, 304], [305, 306, 307], [308, 309, 310, 311, 312], [313, 314, 315, 316], [317, 318, 319, 320], [321, 322, 323, 324], [325, 326, 327], [328, 329, 330], [331, 332, 333, 334], [335, 336, 337, 338, 339], [340, 341, 342], [343, 344, 345], [346, 347, 348, 349], [350, 351, 352, 353], [354, 355, 356, 357, 358], [359, 360, 361, 362, 363], [364, 365, 366], [367, 368, 369, 370, 371], [372, 373, 374], [375, 376, 377, 378], [379, 380, 381, 382], [383, 384, 385, 386, 387], [388, 389, 390], [391, 392, 393, 394, 395], [396, 397, 398, 399, 400]]",100,256,20.264262649000003,11786,120.72762953600001,,128,5893
Block=5_Prob=2_n=100_nsets=400,"Vector{T} where T[[1, 2, 3, 4], [5, 6, 7, 8, 9], [10, 11, 12, 13], [14, 15, 16, 17], [18, 19, 20, 21, 22], [23, 24, 25, 26, 27], [28, 29, 30, 31], [32, 33, 34], [35, 36, 37], [38, 39, 40, 41, 42], [43, 44, 45], [46, 47, 48, 49, 50], [51, 52, 53], [54, 55, 56, 57, 58], [59, 60, 61, 62], [63, 64, 65], [66, 67, 68], [69, 70, 71, 72, 73], [74, 75, 76, 77, 78], [79, 80, 81, 82, 83], [84, 85, 86, 87, 88], [89, 90, 91], [92, 93, 94], [95, 96, 97, 98, 99], [100, 101, 102, 103, 104], [105, 106, 107, 108], [109, 110, 111], [112, 113, 114, 115], [116, 117, 118, 119], [120, 121, 122], [123, 124, 125, 126, 127], [128, 129, 130], [131, 132, 133], [134, 135, 136, 137, 138], [139, 140, 141, 142], [143, 144, 145, 146, 147], [148, 149, 150, 151], [152, 153, 154], [155, 156, 157, 158, 159], [160, 161, 162, 163], [164, 165, 166, 167], [168, 169, 170, 171], [172, 173, 174], [175, 176, 177], [178, 179, 180, 181, 182], [183, 184, 185, 186, 187], [188, 189, 190, 191, 192], [193, 194, 195, 196], [197, 198, 199, 200, 201], [202, 203, 204, 205, 206], [207, 208, 209], [210, 211, 212], [213, 214, 215, 216, 217], [218, 219, 220, 221], [222, 223, 224, 225], [226, 227, 228, 229, 230], [231, 232, 233, 234], [235, 236, 237, 238], [239, 240, 241, 242, 243], [244, 245, 246], [247, 248, 249], [250, 251, 252, 253], [254, 255, 256], [257, 258, 259], [260, 261, 262, 263], [264, 265, 266], [267, 268, 269, 270], [271, 272, 273], [274, 275, 276, 277, 278], [279, 280, 281], [282, 283, 284], [285, 286, 287, 288], [289, 290, 291], [292, 293, 294, 295, 296], [297, 298, 299], [300, 301, 302, 303, 304], [305, 306, 307], [308, 309, 310, 311, 312], [313, 314, 315, 316], [317, 318, 319, 320], [321, 322, 323, 324], [325, 326, 327], [328, 329, 330], [331, 332, 333, 334], [335, 336, 337, 338, 339], [340, 341, 342], [343, 344, 345], [346, 347, 348, 349], [350, 351, 352, 353], [354, 355, 356, 357, 358], [359, 360, 361, 362, 363], [364, 365, 366], [367, 368, 369, 370, 371], [372, 373, 374], [375, 376, 377, 378], [379, 380, 381, 382], [383, 384, 385, 386, 387], [388, 389, 390], [391, 392, 393, 394, 395], [396, 397, 398, 399, 400]]",100,386,15.289157070000002,50000,165.75476999,,193,25000
Block=1_Prob=1_n=100_nsets=800,"Vector{T} where T[[1, 2, 3, 4], [5, 6, 7, 8, 9], [10, 11, 12], [13, 14, 15], [16, 17, 18], [19, 20, 21, 22, 23], [24, 25, 26, 27, 28], [29, 30, 31], [32, 33, 34, 35, 36], [37, 38, 39], [40, 41, 42, 43], [44, 45, 46, 47, 48], [49, 50, 51], [52, 53, 54, 55], [56, 57, 58], [59, 60, 61, 62, 63], [64, 65, 66, 67], [68, 69, 70, 71, 72], [73, 74, 75, 76, 77], [78, 79, 80, 81, 82], [83, 84, 85, 86], [87, 88, 89, 90, 91], [92, 93, 94, 95], [96, 97, 98, 99, 100], [101, 102, 103, 104], [105, 106, 107, 108, 109], [110, 111, 112, 113], [114, 115, 116], [117, 118, 119, 120, 121], [122, 123, 124], [125, 126, 127], [128, 129, 130, 131, 132], [133, 134, 135], [136, 137, 138, 139, 140], [141, 142, 143], [144, 145, 146, 147], [148, 149, 150, 151], [152, 153, 154, 155], [156, 157, 158], [159, 160, 161, 162], [163, 164, 165], [166, 167, 168, 169, 170], [171, 172, 173, 174, 175], [176, 177, 178, 179], [180, 181, 182, 183], [184, 185, 186, 187], [188, 189, 190, 191, 192], [193, 194, 195, 196, 197], [198, 199, 200], [201, 202, 203, 204, 205], [206, 207, 208, 209, 210], [211, 212, 213], [214, 215, 216, 217, 218], [219, 220, 221, 222], [223, 224, 225], [226, 227, 228, 229], [230, 231, 232, 233, 234], [235, 236, 237, 238, 239], [240, 241, 242], [243, 244, 245, 246, 247], [248, 249, 250, 251, 252], [253, 254, 255, 256], [257, 258, 259, 260, 261], [262, 263, 264, 265], [266, 267, 268], [269, 270, 271, 272, 273], [274, 275, 276, 277], [278, 279, 280, 281], [282, 283, 284, 285], [286, 287, 288, 289, 290], [291, 292, 293], [294, 295, 296, 297, 298], [299, 300, 301, 302], [303, 304, 305, 306, 307], [308, 309, 310, 311, 312], [313, 314, 315, 316, 317], [318, 319, 320, 321, 322], [323, 324, 325, 326, 327], [328, 329, 330, 331, 332], [333, 334, 335, 336, 337], [338, 339, 340], [341, 342, 343], [344, 345, 346, 347], [348, 349, 350], [351, 352, 353, 354], [355, 356, 357], [358, 359, 360, 361, 362], [363, 364, 365, 366], [367, 368, 369, 370], [371, 372, 373], [374, 375, 376], [377, 378, 379, 380], [381, 382, 383, 384, 385], [386, 387, 388, 389, 390], [391, 392, 393], [394, 395, 396, 397], [398, 399, 400, 401], [402, 403, 404, 405, 406], [407, 408, 409, 410], [411, 412, 413], [414, 415, 416], [417, 418, 419, 420], [421, 422, 423, 424, 425], [426, 427, 428, 429], [430, 431, 432, 433], [434, 435, 436, 437], [438, 439, 440, 441, 442], [443, 444, 445, 446, 447], [448, 449, 450], [451, 452, 453, 454], [455, 456, 457], [458, 459, 460, 461], [462, 463, 464, 465], [466, 467, 468], [469, 470, 471, 472, 473], [474, 475, 476, 477], [478, 479, 480, 481, 482], [483, 484, 485], [486, 487, 488, 489, 490], [491, 492, 493, 494], [495, 496, 497, 498], [499, 500, 501], [502, 503, 504, 505, 506], [507, 508, 509], [510, 511, 512, 513, 514], [515, 516, 517], [518, 519, 520, 521], [522, 523, 524], [525, 526, 527, 528, 529], [530, 531, 532, 533, 534], [535, 536, 537, 538, 539], [540, 541, 542, 543, 544], [545, 546, 547, 548], [549, 550, 551, 552, 553], [554, 555, 556, 557], [558, 559, 560], [561, 562, 563, 564], [565, 566, 567, 568], [569, 570, 571, 572], [573, 574, 575], [576, 577, 578, 579, 580], [581, 582, 583, 584, 585], [586, 587, 588, 589, 590], [591, 592, 593, 594, 595], [596, 597, 598, 599], [600, 601, 602, 603], [604, 605, 606], [607, 608, 609], [610, 611, 612, 613, 614], [615, 616, 617], [618, 619, 620], [621, 622, 623, 624], [625, 626, 627, 628], [629, 630, 631, 632], [633, 634, 635, 636, 637], [638, 639, 640], [641, 642, 643], [644, 645, 646], [647, 648, 649, 650], [651, 652, 653], [654, 655, 656], [657, 658, 659, 660, 661], [662, 663, 664, 665, 666], [667, 668, 669, 670], [671, 672, 673, 674, 675], [676, 677, 678], [679, 680, 681, 682, 683], [684, 685, 686, 687], [688, 689, 690, 691], [692, 693, 694, 695], [696, 697, 698], [699, 700, 701], [702, 703, 704], [705, 706, 707, 708], [709, 710, 711, 712], [713, 714, 715, 716, 717], [718, 719, 720, 721, 722], [723, 724, 725, 726, 727], [728, 729, 730, 731, 732], [733, 734, 735], [736, 737, 738, 739], [740, 741, 742], [743, 744, 745, 746], [747, 748, 749, 750], [751, 752, 753, 754, 755], [756, 757, 758, 759, 760], [761, 762, 763, 764, 765], [766, 767, 768, 769, 770], [771, 772, 773], [774, 775, 776, 777], [778, 779, 780], [781, 782, 783], [784, 785, 786], [787, 788, 789, 790, 791], [792, 793, 794, 795], [796, 797, 798], [799, 800]]",197,338,38.114260395,14248,339.29202534200004,,169,7124
Block=1_Prob=2_n=100_nsets=800,"Vector{T} where T[[1, 2, 3, 4], [5, 6, 7, 8, 9], [10, 11, 12], [13, 14, 15], [16, 17, 18], [19, 20, 21, 22, 23], [24, 25, 26, 27, 28], [29, 30, 31], [32, 33, 34, 35, 36], [37, 38, 39], [40, 41, 42, 43], [44, 45, 46, 47, 48], [49, 50, 51], [52, 53, 54, 55], [56, 57, 58], [59, 60, 61, 62, 63], [64, 65, 66, 67], [68, 69, 70, 71, 72], [73, 74, 75, 76, 77], [78, 79, 80, 81, 82], [83, 84, 85, 86], [87, 88, 89, 90, 91], [92, 93, 94, 95], [96, 97, 98, 99, 100], [101, 102, 103, 104], [105, 106, 107, 108, 109], [110, 111, 112, 113], [114, 115, 116], [117, 118, 119, 120, 121], [122, 123, 124], [125, 126, 127], [128, 129, 130, 131, 132], [133, 134, 135], [136, 137, 138, 139, 140], [141, 142, 143], [144, 145, 146, 147], [148, 149, 150, 151], [152, 153, 154, 155], [156, 157, 158], [159, 160, 161, 162], [163, 164, 165], [166, 167, 168, 169, 170], [171, 172, 173, 174, 175], [176, 177, 178, 179], [180, 181, 182, 183], [184, 185, 186, 187], [188, 189, 190, 191, 192], [193, 194, 195, 196, 197], [198, 199, 200], [201, 202, 203, 204, 205], [206, 207, 208, 209, 210], [211, 212, 213], [214, 215, 216, 217, 218], [219, 220, 221, 222], [223, 224, 225], [226, 227, 228, 229], [230, 231, 232, 233, 234], [235, 236, 237, 238, 239], [240, 241, 242], [243, 244, 245, 246, 247], [248, 249, 250, 251, 252], [253, 254, 255, 256], [257, 258, 259, 260, 261], [262, 263, 264, 265], [266, 267, 268], [269, 270, 271, 272, 273], [274, 275, 276, 277], [278, 279, 280, 281], [282, 283, 284, 285], [286, 287, 288, 289, 290], [291, 292, 293], [294, 295, 296, 297, 298], [299, 300, 301, 302], [303, 304, 305, 306, 307], [308, 309, 310, 311, 312], [313, 314, 315, 316, 317], [318, 319, 320, 321, 322], [323, 324, 325, 326, 327], [328, 329, 330, 331, 332], [333, 334, 335, 336, 337], [338, 339, 340], [341, 342, 343], [344, 345, 346, 347], [348, 349, 350], [351, 352, 353, 354], [355, 356, 357], [358, 359, 360, 361, 362], [363, 364, 365, 366], [367, 368, 369, 370], [371, 372, 373], [374, 375, 376], [377, 378, 379, 380], [381, 382, 383, 384, 385], [386, 387, 388, 389, 390], [391, 392, 393], [394, 395, 396, 397], [398, 399, 400, 401], [402, 403, 404, 405, 406], [407, 408, 409, 410], [411, 412, 413], [414, 415, 416], [417, 418, 419, 420], [421, 422, 423, 424, 425], [426, 427, 428, 429], [430, 431, 432, 433], [434, 435, 436, 437], [438, 439, 440, 441, 442], [443, 444, 445, 446, 447], [448, 449, 450], [451, 452, 453, 454], [455, 456, 457], [458, 459, 460, 461], [462, 463, 464, 465], [466, 467, 468], [469, 470, 471, 472, 473], [474, 475, 476, 477], [478, 479, 480, 481, 482], [483, 484, 485], [486, 487, 488, 489, 490], [491, 492, 493, 494], [495, 496, 497, 498], [499, 500, 501], [502, 503, 504, 505, 506], [507, 508, 509], [510, 511, 512, 513, 514], [515, 516, 517], [518, 519, 520, 521], [522, 523, 524], [525, 526, 527, 528, 529], [530, 531, 532, 533, 534], [535, 536, 537, 538, 539], [540, 541, 542, 543, 544], [545, 546, 547, 548], [549, 550, 551, 552, 553], [554, 555, 556, 557], [558, 559, 560], [561, 562, 563, 564], [565, 566, 567, 568], [569, 570, 571, 572], [573, 574, 575], [576, 577, 578, 579, 580], [581, 582, 583, 584, 585], [586, 587, 588, 589, 590], [591, 592, 593, 594, 595], [596, 597, 598, 599], [600, 601, 602, 603], [604, 605, 606], [607, 608, 609], [610, 611, 612, 613, 614], [615, 616, 617], [618, 619, 620], [621, 622, 623, 624], [625, 626, 627, 628], [629, 630, 631, 632], [633, 634, 635, 636, 637], [638, 639, 640], [641, 642, 643], [644, 645, 646], [647, 648, 649, 650], [651, 652, 653], [654, 655, 656], [657, 658, 659, 660, 661], [662, 663, 664, 665, 666], [667, 668, 669, 670], [671, 672, 673, 674, 675], [676, 677, 678], [679, 680, 681, 682, 683], [684, 685, 686, 687], [688, 689, 690, 691], [692, 693, 694, 695], [696, 697, 698], [699, 700, 701], [702, 703, 704], [705, 706, 707, 708], [709, 710, 711, 712], [713, 714, 715, 716, 717], [718, 719, 720, 721, 722], [723, 724, 725, 726, 727], [728, 729, 730, 731, 732], [733, 734, 735], [736, 737, 738, 739], [740, 741, 742], [743, 744, 745, 746], [747, 748, 749, 750], [751, 752, 753, 754, 755], [756, 757, 758, 759, 760], [761, 762, 763, 764, 765], [766, 767, 768, 769, 770], [771, 772, 773], [774, 775, 776, 777], [778, 779, 780], [781, 782, 783], [784, 785, 786], [787, 788, 789, 790, 791], [792, 793, 794, 795], [796, 797, 798], [799, 800]]",197,768,35.60069768,38868,215.598838104,,384,19434
Block=2_Prob=1_n=100_nsets=800,"Vector{T} where T[[1, 2, 3], [4, 5, 6, 7, 8], [9, 10, 11, 12, 13], [14, 15, 16, 17, 18], [19, 20, 21, 22, 23], [24, 25, 26], [27, 28, 29, 30], [31, 32, 33, 34], [35, 36, 37, 38, 39], [40, 41, 42, 43], [44, 45, 46], [47, 48, 49, 50, 51], [52, 53, 54], [55, 56, 57], [58, 59, 60, 61, 62], [63, 64, 65], [66, 67, 68, 69, 70], [71, 72, 73, 74], [75, 76, 77, 78, 79], [80, 81, 82, 83, 84], [85, 86, 87], [88, 89, 90, 91], [92, 93, 94, 95], [96, 97, 98], [99, 100, 101], [102, 103, 104], [105, 106, 107], [108, 109, 110, 111], [112, 113, 114], [115, 116, 117, 118, 119], [120, 121, 122, 123], [124, 125, 126], [127, 128, 129, 130, 131], [132, 133, 134, 135], [136, 137, 138], [139, 140, 141, 142], [143, 144, 145, 146], [147, 148, 149, 150], [151, 152, 153, 154, 155], [156, 157, 158, 159, 160], [161, 162, 163], [164, 165, 166, 167], [168, 169, 170], [171, 172, 173], [174, 175, 176, 177, 178], [179, 180, 181, 182], [183, 184, 185, 186, 187], [188, 189, 190, 191, 192], [193, 194, 195, 196], [197, 198, 199, 200, 201], [202, 203, 204, 205, 206], [207, 208, 209, 210], [211, 212, 213, 214], [215, 216, 217], [218, 219, 220, 221], [222, 223, 224, 225], [226, 227, 228, 229, 230], [231, 232, 233, 234, 235], [236, 237, 238], [239, 240, 241, 242], [243, 244, 245, 246], [247, 248, 249, 250], [251, 252, 253], [254, 255, 256, 257, 258], [259, 260, 261, 262, 263], [264, 265, 266], [267, 268, 269, 270], [271, 272, 273], [274, 275, 276], [277, 278, 279, 280, 281], [282, 283, 284, 285, 286], [287, 288, 289, 290, 291], [292, 293, 294], [295, 296, 297, 298, 299], [300, 301, 302, 303, 304], [305, 306, 307, 308, 309], [310, 311, 312, 313], [314, 315, 316, 317], [318, 319, 320], [321, 322, 323, 324, 325], [326, 327, 328], [329, 330, 331, 332, 333], [334, 335, 336, 337], [338, 339, 340, 341], [342, 343, 344, 345], [346, 347, 348], [349, 350, 351, 352], [353, 354, 355, 356], [357, 358, 359, 360], [361, 362, 363, 364, 365], [366, 367, 368], [369, 370, 371], [372, 373, 374], [375, 376, 377], [378, 379, 380], [381, 382, 383, 384], [385, 386, 387, 388, 389], [390, 391, 392], [393, 394, 395, 396], [397, 398, 399, 400], [401, 402, 403, 404], [405, 406, 407, 408], [409, 410, 411], [412, 413, 414], [415, 416, 417, 418], [419, 420, 421, 422, 423], [424, 425, 426, 427], [428, 429, 430, 431], [432, 433, 434, 435], [436, 437, 438, 439], [440, 441, 442, 443, 444], [445, 446, 447, 448, 449], [450, 451, 452, 453], [454, 455, 456, 457, 458], [459, 460, 461, 462, 463], [464, 465, 466, 467, 468], [469, 470, 471], [472, 473, 474, 475, 476], [477, 478, 479, 480, 481], [482, 483, 484], [485, 486, 487], [488, 489, 490], [491, 492, 493, 494, 495], [496, 497, 498, 499, 500], [501, 502, 503], [504, 505, 506, 507], [508, 509, 510, 511], [512, 513, 514, 515], [516, 517, 518, 519], [520, 521, 522, 523, 524], [525, 526, 527, 528], [529, 530, 531], [532, 533, 534, 535, 536], [537, 538, 539], [540, 541, 542, 543], [544, 545, 546], [547, 548, 549, 550, 551], [552, 553, 554, 555], [556, 557, 558], [559, 560, 561, 562], [563, 564, 565, 566], [567, 568, 569], [570, 571, 572, 573], [574, 575, 576, 577, 578], [579, 580, 581], [582, 583, 584], [585, 586, 587, 588, 589], [590, 591, 592, 593, 594], [595, 596, 597], [598, 599, 600], [601, 602, 603], [604, 605, 606], [607, 608, 609, 610], [611, 612, 613], [614, 615, 616], [617, 618, 619, 620, 621], [622, 623, 624], [625, 626, 627, 628], [629, 630, 631, 632, 633], [634, 635, 636, 637], [638, 639, 640, 641], [642, 643, 644, 645], [646, 647, 648], [649, 650, 651, 652], [653, 654, 655, 656], [657, 658, 659, 660], [661, 662, 663, 664], [665, 666, 667], [668, 669, 670, 671, 672], [673, 674, 675, 676], [677, 678, 679, 680, 681], [682, 683, 684, 685], [686, 687, 688, 689], [690, 691, 692, 693, 694], [695, 696, 697], [698, 699, 700, 701], [702, 703, 704, 705], [706, 707, 708, 709, 710], [711, 712, 713, 714], [715, 716, 717], [718, 719, 720], [721, 722, 723, 724, 725], [726, 727, 728, 729, 730], [731, 732, 733, 734], [735, 736, 737], [738, 739, 740, 741, 742], [743, 744, 745], [746, 747, 748, 749], [750, 751, 752], [753, 754, 755, 756], [757, 758, 759, 760], [761, 762, 763], [764, 765, 766, 767, 768], [769, 770, 771, 772, 773], [774, 775, 776, 777, 778], [779, 780, 781], [782, 783, 784, 785, 786], [787, 788, 789, 790], [791, 792, 793, 794, 795], [796, 797, 798, 799, 800]]",200,672,38.978075222,43958,299.474990217,,336,21979
Block=2_Prob=2_n=100_nsets=800,"Vector{T} where T[[1, 2, 3], [4, 5, 6, 7, 8], [9, 10, 11, 12, 13], [14, 15, 16, 17, 18], [19, 20, 21, 22, 23], [24, 25, 26], [27, 28, 29, 30], [31, 32, 33, 34], [35, 36, 37, 38, 39], [40, 41, 42, 43], [44, 45, 46], [47, 48, 49, 50, 51], [52, 53, 54], [55, 56, 57], [58, 59, 60, 61, 62], [63, 64, 65], [66, 67, 68, 69, 70], [71, 72, 73, 74], [75, 76, 77, 78, 79], [80, 81, 82, 83, 84], [85, 86, 87], [88, 89, 90, 91], [92, 93, 94, 95], [96, 97, 98], [99, 100, 101], [102, 103, 104], [105, 106, 107], [108, 109, 110, 111], [112, 113, 114], [115, 116, 117, 118, 119], [120, 121, 122, 123], [124, 125, 126], [127, 128, 129, 130, 131], [132, 133, 134, 135], [136, 137, 138], [139, 140, 141, 142], [143, 144, 145, 146], [147, 148, 149, 150], [151, 152, 153, 154, 155], [156, 157, 158, 159, 160], [161, 162, 163], [164, 165, 166, 167], [168, 169, 170], [171, 172, 173], [174, 175, 176, 177, 178], [179, 180, 181, 182], [183, 184, 185, 186, 187], [188, 189, 190, 191, 192], [193, 194, 195, 196], [197, 198, 199, 200, 201], [202, 203, 204, 205, 206], [207, 208, 209, 210], [211, 212, 213, 214], [215, 216, 217], [218, 219, 220, 221], [222, 223, 224, 225], [226, 227, 228, 229, 230], [231, 232, 233, 234, 235], [236, 237, 238], [239, 240, 241, 242], [243, 244, 245, 246], [247, 248, 249, 250], [251, 252, 253], [254, 255, 256, 257, 258], [259, 260, 261, 262, 263], [264, 265, 266], [267, 268, 269, 270], [271, 272, 273], [274, 275, 276], [277, 278, 279, 280, 281], [282, 283, 284, 285, 286], [287, 288, 289, 290, 291], [292, 293, 294], [295, 296, 297, 298, 299], [300, 301, 302, 303, 304], [305, 306, 307, 308, 309], [310, 311, 312, 313], [314, 315, 316, 317], [318, 319, 320], [321, 322, 323, 324, 325], [326, 327, 328], [329, 330, 331, 332, 333], [334, 335, 336, 337], [338, 339, 340, 341], [342, 343, 344, 345], [346, 347, 348], [349, 350, 351, 352], [353, 354, 355, 356], [357, 358, 359, 360], [361, 362, 363, 364, 365], [366, 367, 368], [369, 370, 371], [372, 373, 374], [375, 376, 377], [378, 379, 380], [381, 382, 383, 384], [385, 386, 387, 388, 389], [390, 391, 392], [393, 394, 395, 396], [397, 398, 399, 400], [401, 402, 403, 404], [405, 406, 407, 408], [409, 410, 411], [412, 413, 414], [415, 416, 417, 418], [419, 420, 421, 422, 423], [424, 425, 426, 427], [428, 429, 430, 431], [432, 433, 434, 435], [436, 437, 438, 439], [440, 441, 442, 443, 444], [445, 446, 447, 448, 449], [450, 451, 452, 453], [454, 455, 456, 457, 458], [459, 460, 461, 462, 463], [464, 465, 466, 467, 468], [469, 470, 471], [472, 473, 474, 475, 476], [477, 478, 479, 480, 481], [482, 483, 484], [485, 486, 487], [488, 489, 490], [491, 492, 493, 494, 495], [496, 497, 498, 499, 500], [501, 502, 503], [504, 505, 506, 507], [508, 509, 510, 511], [512, 513, 514, 515], [516, 517, 518, 519], [520, 521, 522, 523, 524], [525, 526, 527, 528], [529, 530, 531], [532, 533, 534, 535, 536], [537, 538, 539], [540, 541, 542, 543], [544, 545, 546], [547, 548, 549, 550, 551], [552, 553, 554, 555], [556, 557, 558], [559, 560, 561, 562], [563, 564, 565, 566], [567, 568, 569], [570, 571, 572, 573], [574, 575, 576, 577, 578], [579, 580, 581], [582, 583, 584], [585, 586, 587, 588, 589], [590, 591, 592, 593, 594], [595, 596, 597], [598, 599, 600], [601, 602, 603], [604, 605, 606], [607, 608, 609, 610], [611, 612, 613], [614, 615, 616], [617, 618, 619, 620, 621], [622, 623, 624], [625, 626, 627, 628], [629, 630, 631, 632, 633], [634, 635, 636, 637], [638, 639, 640, 641], [642, 643, 644, 645], [646, 647, 648], [649, 650, 651, 652], [653, 654, 655, 656], [657, 658, 659, 660], [661, 662, 663, 664], [665, 666, 667], [668, 669, 670, 671, 672], [673, 674, 675, 676], [677, 678, 679, 680, 681], [682, 683, 684, 685], [686, 687, 688, 689], [690, 691, 692, 693, 694], [695, 696, 697], [698, 699, 700, 701], [702, 703, 704, 705], [706, 707, 708, 709, 710], [711, 712, 713, 714], [715, 716, 717], [718, 719, 720], [721, 722, 723, 724, 725], [726, 727, 728, 729, 730], [731, 732, 733, 734], [735, 736, 737], [738, 739, 740, 741, 742], [743, 744, 745], [746, 747, 748, 749], [750, 751, 752], [753, 754, 755, 756], [757, 758, 759, 760], [761, 762, 763], [764, 765, 766, 767, 768], [769, 770, 771, 772, 773], [774, 775, 776, 777, 778], [779, 780, 781], [782, 783, 784, 785, 786], [787, 788, 789, 790], [791, 792, 793, 794, 795], [796, 797, 798, 799, 800]]",200,254,35.05064595,50000,243.840265769,,127,25000
Block=3_Prob=1_n=100_nsets=800,"Vector{T} where T[[1, 2, 3, 4], [5, 6, 7, 8, 9], [10, 11, 12, 13], [14, 15, 16, 17], [18, 19, 20, 21, 22], [23, 24, 25, 26, 27], [28, 29, 30, 31], [32, 33, 34], [35, 36, 37], [38, 39, 40, 41, 42], [43, 44, 45], [46, 47, 48, 49, 50], [51, 52, 53], [54, 55, 56, 57, 58], [59, 60, 61, 62], [63, 64, 65], [66, 67, 68], [69, 70, 71, 72, 73], [74, 75, 76, 77, 78], [79, 80, 81, 82, 83], [84, 85, 86, 87, 88], [89, 90, 91], [92, 93, 94], [95, 96, 97, 98, 99], [100, 101, 102, 103, 104], [105, 106, 107, 108], [109, 110, 111], [112, 113, 114, 115], [116, 117, 118, 119], [120, 121, 122], [123, 124, 125, 126, 127], [128, 129, 130], [131, 132, 133], [134, 135, 136, 137, 138], [139, 140, 141, 142], [143, 144, 145, 146, 147], [148, 149, 150, 151], [152, 153, 154], [155, 156, 157, 158, 159], [160, 161, 162, 163], [164, 165, 166, 167], [168, 169, 170, 171], [172, 173, 174], [175, 176, 177], [178, 179, 180, 181, 182], [183, 184, 185, 186, 187], [188, 189, 190, 191, 192], [193, 194, 195, 196], [197, 198, 199, 200, 201], [202, 203, 204, 205, 206], [207, 208, 209], [210, 211, 212], [213, 214, 215, 216, 217], [218, 219, 220, 221], [222, 223, 224, 225], [226, 227, 228, 229, 230], [231, 232, 233, 234], [235, 236, 237, 238], [239, 240, 241, 242, 243], [244, 245, 246], [247, 248, 249], [250, 251, 252, 253], [254, 255, 256], [257, 258, 259], [260, 261, 262, 263], [264, 265, 266], [267, 268, 269, 270], [271, 272, 273], [274, 275, 276, 277, 278], [279, 280, 281], [282, 283, 284], [285, 286, 287, 288], [289, 290, 291], [292, 293, 294, 295, 296], [297, 298, 299], [300, 301, 302, 303, 304], [305, 306, 307], [308, 309, 310, 311, 312], [313, 314, 315, 316], [317, 318, 319, 320], [321, 322, 323, 324], [325, 326, 327], [328, 329, 330], [331, 332, 333, 334], [335, 336, 337, 338, 339], [340, 341, 342], [343, 344, 345], [346, 347, 348, 349], [350, 351, 352, 353], [354, 355, 356, 357, 358], [359, 360, 361, 362, 363], [364, 365, 366], [367, 368, 369, 370, 371], [372, 373, 374], [375, 376, 377, 378], [379, 380, 381, 382], [383, 384, 385, 386, 387], [388, 389, 390], [391, 392, 393, 394, 395], [396, 397, 398, 399, 400], [401, 402, 403], [404, 405, 406, 407, 408], [409, 410, 411, 412], [413, 414, 415], [416, 417, 418, 419], [420, 421, 422], [423, 424, 425, 426, 427], [428, 429, 430], [431, 432, 433, 434], [435, 436, 437], [438, 439, 440, 441], [442, 443, 444], [445, 446, 447, 448], [449, 450, 451, 452], [453, 454, 455], [456, 457, 458, 459], [460, 461, 462, 463, 464], [465, 466, 467], [468, 469, 470, 471, 472], [473, 474, 475, 476], [477, 478, 479, 480, 481], [482, 483, 484, 485], [486, 487, 488, 489, 490], [491, 492, 493], [494, 495, 496, 497, 498], [499, 500, 501, 502, 503], [504, 505, 506], [507, 508, 509], [510, 511, 512, 513, 514], [515, 516, 517], [518, 519, 520], [521, 522, 523, 524], [525, 526, 527], [528, 529, 530, 531], [532, 533, 534, 535, 536], [537, 538, 539, 540], [541, 542, 543], [544, 545, 546, 547, 548], [549, 550, 551, 552, 553], [554, 555, 556, 557, 558], [559, 560, 561], [562, 563, 564, 565], [566, 567, 568, 569], [570, 571, 572, 573, 574], [575, 576, 577, 578], [579, 580, 581, 582, 583], [584, 585, 586], [587, 588, 589], [590, 591, 592], [593, 594, 595, 596], [597, 598, 599], [600, 601, 602, 603, 604], [605, 606, 607, 608], [609, 610, 611], [612, 613, 614, 615], [616, 617, 618, 619], [620, 621, 622, 623, 624], [625, 626, 627], [628, 629, 630], [631, 632, 633, 634], [635, 636, 637, 638], [639, 640, 641, 642], [643, 644, 645], [646, 647, 648, 649, 650], [651, 652, 653, 654, 655], [656, 657, 658, 659, 660], [661, 662, 663, 664], [665, 666, 667], [668, 669, 670, 671], [672, 673, 674, 675], [676, 677, 678, 679], [680, 681, 682, 683], [684, 685, 686, 687, 688], [689, 690, 691, 692], [693, 694, 695, 696], [697, 698, 699, 700, 701], [702, 703, 704, 705], [706, 707, 708, 709], [710, 711, 712], [713, 714, 715, 716], [717, 718, 719, 720], [721, 722, 723], [724, 725, 726, 727, 728], [729, 730, 731, 732, 733], [734, 735, 736, 737], [738, 739, 740], [741, 742, 743, 744, 745], [746, 747, 748, 749], [750, 751, 752, 753, 754], [755, 756, 757], [758, 759, 760, 761, 762], [763, 764, 765, 766], [767, 768, 769, 770, 771], [772, 773, 774], [775, 776, 777, 778, 779], [780, 781, 782, 783, 784], [785, 786, 787], [788, 789, 790, 791, 792], [793, 794, 795], [796, 797, 798, 799], [800]]",201,406,41.258107737,50000,428.824744622,,203,25000
Block=3_Prob=2_n=100_nsets=800,"Vector{T} where T[[1, 2, 3, 4], [5, 6, 7, 8, 9], [10, 11, 12, 13], [14, 15, 16, 17], [18, 19, 20, 21, 22], [23, 24, 25, 26, 27], [28, 29, 30, 31], [32, 33, 34], [35, 36, 37], [38, 39, 40, 41, 42], [43, 44, 45], [46, 47, 48, 49, 50], [51, 52, 53], [54, 55, 56, 57, 58], [59, 60, 61, 62], [63, 64, 65], [66, 67, 68], [69, 70, 71, 72, 73], [74, 75, 76, 77, 78], [79, 80, 81, 82, 83], [84, 85, 86, 87, 88], [89, 90, 91], [92, 93, 94], [95, 96, 97, 98, 99], [100, 101, 102, 103, 104], [105, 106, 107, 108], [109, 110, 111], [112, 113, 114, 115], [116, 117, 118, 119], [120, 121, 122], [123, 124, 125, 126, 127], [128, 129, 130], [131, 132, 133], [134, 135, 136, 137, 138], [139, 140, 141, 142], [143, 144, 145, 146, 147], [148, 149, 150, 151], [152, 153, 154], [155, 156, 157, 158, 159], [160, 161, 162, 163], [164, 165, 166, 167], [168, 169, 170, 171], [172, 173, 174], [175, 176, 177], [178, 179, 180, 181, 182], [183, 184, 185, 186, 187], [188, 189, 190, 191, 192], [193, 194, 195, 196], [197, 198, 199, 200, 201], [202, 203, 204, 205, 206], [207, 208, 209], [210, 211, 212], [213, 214, 215, 216, 217], [218, 219, 220, 221], [222, 223, 224, 225], [226, 227, 228, 229, 230], [231, 232, 233, 234], [235, 236, 237, 238], [239, 240, 241, 242, 243], [244, 245, 246], [247, 248, 249], [250, 251, 252, 253], [254, 255, 256], [257, 258, 259], [260, 261, 262, 263], [264, 265, 266], [267, 268, 269, 270], [271, 272, 273], [274, 275, 276, 277, 278], [279, 280, 281], [282, 283, 284], [285, 286, 287, 288], [289, 290, 291], [292, 293, 294, 295, 296], [297, 298, 299], [300, 301, 302, 303, 304], [305, 306, 307], [308, 309, 310, 311, 312], [313, 314, 315, 316], [317, 318, 319, 320], [321, 322, 323, 324], [325, 326, 327], [328, 329, 330], [331, 332, 333, 334], [335, 336, 337, 338, 339], [340, 341, 342], [343, 344, 345], [346, 347, 348, 349], [350, 351, 352, 353], [354, 355, 356, 357, 358], [359, 360, 361, 362, 363], [364, 365, 366], [367, 368, 369, 370, 371], [372, 373, 374], [375, 376, 377, 378], [379, 380, 381, 382], [383, 384, 385, 386, 387], [388, 389, 390], [391, 392, 393, 394, 395], [396, 397, 398, 399, 400], [401, 402, 403], [404, 405, 406, 407, 408], [409, 410, 411, 412], [413, 414, 415], [416, 417, 418, 419], [420, 421, 422], [423, 424, 425, 426, 427], [428, 429, 430], [431, 432, 433, 434], [435, 436, 437], [438, 439, 440, 441], [442, 443, 444], [445, 446, 447, 448], [449, 450, 451, 452], [453, 454, 455], [456, 457, 458, 459], [460, 461, 462, 463, 464], [465, 466, 467], [468, 469, 470, 471, 472], [473, 474, 475, 476], [477, 478, 479, 480, 481], [482, 483, 484, 485], [486, 487, 488, 489, 490], [491, 492, 493], [494, 495, 496, 497, 498], [499, 500, 501, 502, 503], [504, 505, 506], [507, 508, 509], [510, 511, 512, 513, 514], [515, 516, 517], [518, 519, 520], [521, 522, 523, 524], [525, 526, 527], [528, 529, 530, 531], [532, 533, 534, 535, 536], [537, 538, 539, 540], [541, 542, 543], [544, 545, 546, 547, 548], [549, 550, 551, 552, 553], [554, 555, 556, 557, 558], [559, 560, 561], [562, 563, 564, 565], [566, 567, 568, 569], [570, 571, 572, 573, 574], [575, 576, 577, 578], [579, 580, 581, 582, 583], [584, 585, 586], [587, 588, 589], [590, 591, 592], [593, 594, 595, 596], [597, 598, 599], [600, 601, 602, 603, 604], [605, 606, 607, 608], [609, 610, 611], [612, 613, 614, 615], [616, 617, 618, 619], [620, 621, 622, 623, 624], [625, 626, 627], [628, 629, 630], [631, 632, 633, 634], [635, 636, 637, 638], [639, 640, 641, 642], [643, 644, 645], [646, 647, 648, 649, 650], [651, 652, 653, 654, 655], [656, 657, 658, 659, 660], [661, 662, 663, 664], [665, 666, 667], [668, 669, 670, 671], [672, 673, 674, 675], [676, 677, 678, 679], [680, 681, 682, 683], [684, 685, 686, 687, 688], [689, 690, 691, 692], [693, 694, 695, 696], [697, 698, 699, 700, 701], [702, 703, 704, 705], [706, 707, 708, 709], [710, 711, 712], [713, 714, 715, 716], [717, 718, 719, 720], [721, 722, 723], [724, 725, 726, 727, 728], [729, 730, 731, 732, 733], [734, 735, 736, 737], [738, 739, 740], [741, 742, 743, 744, 745], [746, 747, 748, 749], [750, 751, 752, 753, 754], [755, 756, 757], [758, 759, 760, 761, 762], [763, 764, 765, 766], [767, 768, 769, 770, 771], [772, 773, 774], [775, 776, 777, 778, 779], [780, 781, 782, 783, 784], [785, 786, 787], [788, 789, 790, 791, 792], [793, 794, 795], [796, 797, 798, 799], [800]]",201,260,32.441341006,24348,315.91332920900004,,130,12174
Block=4_Prob=1_n=100_nsets=800,"Vector{T} where T[[1, 2, 3], [4, 5, 6], [7, 8, 9], [10, 11, 12, 13, 14], [15, 16, 17, 18], [19, 20, 21, 22], [23, 24, 25], [26, 27, 28, 29], [30, 31, 32], [33, 34, 35], [36, 37, 38, 39], [40, 41, 42, 43, 44], [45, 46, 47, 48], [49, 50, 51], [52, 53, 54, 55, 56], [57, 58, 59], [60, 61, 62, 63, 64], [65, 66, 67], [68, 69, 70, 71, 72], [73, 74, 75, 76], [77, 78, 79], [80, 81, 82], [83, 84, 85, 86, 87], [88, 89, 90], [91, 92, 93, 94], [95, 96, 97, 98], [99, 100, 101, 102], [103, 104, 105], [106, 107, 108], [109, 110, 111, 112], [113, 114, 115], [116, 117, 118, 119, 120], [121, 122, 123, 124, 125], [126, 127, 128, 129], [130, 131, 132, 133], [134, 135, 136, 137, 138], [139, 140, 141, 142, 143], [144, 145, 146, 147, 148], [149, 150, 151], [152, 153, 154, 155, 156], [157, 158, 159, 160, 161], [162, 163, 164], [165, 166, 167, 168], [169, 170, 171], [172, 173, 174, 175, 176], [177, 178, 179], [180, 181, 182], [183, 184, 185], [186, 187, 188], [189, 190, 191, 192, 193], [194, 195, 196, 197], [198, 199, 200], [201, 202, 203, 204], [205, 206, 207, 208, 209], [210, 211, 212], [213, 214, 215, 216], [217, 218, 219, 220, 221], [222, 223, 224], [225, 226, 227, 228], [229, 230, 231], [232, 233, 234], [235, 236, 237], [238, 239, 240, 241], [242, 243, 244, 245], [246, 247, 248, 249, 250], [251, 252, 253, 254, 255], [256, 257, 258, 259], [260, 261, 262], [263, 264, 265, 266], [267, 268, 269, 270, 271], [272, 273, 274, 275], [276, 277, 278, 279], [280, 281, 282, 283, 284], [285, 286, 287, 288], [289, 290, 291], [292, 293, 294, 295], [296, 297, 298, 299, 300], [301, 302, 303, 304], [305, 306, 307, 308], [309, 310, 311], [312, 313, 314], [315, 316, 317], [318, 319, 320, 321, 322], [323, 324, 325, 326, 327], [328, 329, 330, 331, 332], [333, 334, 335], [336, 337, 338], [339, 340, 341], [342, 343, 344, 345], [346, 347, 348, 349], [350, 351, 352, 353], [354, 355, 356], [357, 358, 359, 360, 361], [362, 363, 364], [365, 366, 367, 368, 369], [370, 371, 372, 373], [374, 375, 376, 377, 378], [379, 380, 381], [382, 383, 384, 385, 386], [387, 388, 389], [390, 391, 392, 393], [394, 395, 396, 397], [398, 399, 400, 401], [402, 403, 404, 405], [406, 407, 408, 409, 410], [411, 412, 413, 414, 415], [416, 417, 418], [419, 420, 421], [422, 423, 424], [425, 426, 427, 428, 429], [430, 431, 432, 433, 434], [435, 436, 437], [438, 439, 440, 441, 442], [443, 444, 445], [446, 447, 448, 449, 450], [451, 452, 453, 454], [455, 456, 457, 458, 459], [460, 461, 462], [463, 464, 465, 466, 467], [468, 469, 470, 471, 472], [473, 474, 475, 476, 477], [478, 479, 480], [481, 482, 483, 484], [485, 486, 487, 488], [489, 490, 491, 492], [493, 494, 495, 496, 497], [498, 499, 500], [501, 502, 503, 504], [505, 506, 507], [508, 509, 510], [511, 512, 513, 514, 515], [516, 517, 518], [519, 520, 521, 522], [523, 524, 525], [526, 527, 528, 529], [530, 531, 532, 533], [534, 535, 536, 537, 538], [539, 540, 541, 542, 543], [544, 545, 546], [547, 548, 549, 550], [551, 552, 553], [554, 555, 556, 557, 558], [559, 560, 561], [562, 563, 564, 565], [566, 567, 568, 569], [570, 571, 572], [573, 574, 575, 576, 577], [578, 579, 580, 581, 582], [583, 584, 585, 586], [587, 588, 589, 590, 591], [592, 593, 594, 595], [596, 597, 598, 599, 600], [601, 602, 603, 604], [605, 606, 607], [608, 609, 610], [611, 612, 613], [614, 615, 616, 617, 618], [619, 620, 621, 622], [623, 624, 625], [626, 627, 628, 629], [630, 631, 632, 633, 634], [635, 636, 637], [638, 639, 640], [641, 642, 643], [644, 645, 646, 647], [648, 649, 650], [651, 652, 653], [654, 655, 656], [657, 658, 659, 660, 661], [662, 663, 664], [665, 666, 667, 668], [669, 670, 671, 672, 673], [674, 675, 676], [677, 678, 679, 680, 681], [682, 683, 684, 685], [686, 687, 688, 689], [690, 691, 692, 693, 694], [695, 696, 697, 698], [699, 700, 701, 702, 703], [704, 705, 706], [707, 708, 709, 710], [711, 712, 713, 714], [715, 716, 717, 718], [719, 720, 721], [722, 723, 724, 725, 726], [727, 728, 729, 730, 731], [732, 733, 734, 735, 736], [737, 738, 739], [740, 741, 742], [743, 744, 745], [746, 747, 748, 749, 750], [751, 752, 753], [754, 755, 756], [757, 758, 759, 760], [761, 762, 763, 764], [765, 766, 767, 768, 769], [770, 771, 772], [773, 774, 775, 776], [777, 778, 779, 780, 781], [782, 783, 784, 785, 786], [787, 788, 789], [790, 791, 792, 793, 794], [795, 796, 797], [798, 799, 800]]",204,520,36.958500439000005,29222,213.916039704,,260,14611
Block=4_Prob=2_n=100_nsets=800,"Vector{T} where T[[1, 2, 3], [4, 5, 6], [7, 8, 9], [10, 11, 12, 13, 14], [15, 16, 17, 18], [19, 20, 21, 22], [23, 24, 25], [26, 27, 28, 29], [30, 31, 32], [33, 34, 35], [36, 37, 38, 39], [40, 41, 42, 43, 44], [45, 46, 47, 48], [49, 50, 51], [52, 53, 54, 55, 56], [57, 58, 59], [60, 61, 62, 63, 64], [65, 66, 67], [68, 69, 70, 71, 72], [73, 74, 75, 76], [77, 78, 79], [80, 81, 82], [83, 84, 85, 86, 87], [88, 89, 90], [91, 92, 93, 94], [95, 96, 97, 98], [99, 100, 101, 102], [103, 104, 105], [106, 107, 108], [109, 110, 111, 112], [113, 114, 115], [116, 117, 118, 119, 120], [121, 122, 123, 124, 125], [126, 127, 128, 129], [130, 131, 132, 133], [134, 135, 136, 137, 138], [139, 140, 141, 142, 143], [144, 145, 146, 147, 148], [149, 150, 151], [152, 153, 154, 155, 156], [157, 158, 159, 160, 161], [162, 163, 164], [165, 166, 167, 168], [169, 170, 171], [172, 173, 174, 175, 176], [177, 178, 179], [180, 181, 182], [183, 184, 185], [186, 187, 188], [189, 190, 191, 192, 193], [194, 195, 196, 197], [198, 199, 200], [201, 202, 203, 204], [205, 206, 207, 208, 209], [210, 211, 212], [213, 214, 215, 216], [217, 218, 219, 220, 221], [222, 223, 224], [225, 226, 227, 228], [229, 230, 231], [232, 233, 234], [235, 236, 237], [238, 239, 240, 241], [242, 243, 244, 245], [246, 247, 248, 249, 250], [251, 252, 253, 254, 255], [256, 257, 258, 259], [260, 261, 262], [263, 264, 265, 266], [267, 268, 269, 270, 271], [272, 273, 274, 275], [276, 277, 278, 279], [280, 281, 282, 283, 284], [285, 286, 287, 288], [289, 290, 291], [292, 293, 294, 295], [296, 297, 298, 299, 300], [301, 302, 303, 304], [305, 306, 307, 308], [309, 310, 311], [312, 313, 314], [315, 316, 317], [318, 319, 320, 321, 322], [323, 324, 325, 326, 327], [328, 329, 330, 331, 332], [333, 334, 335], [336, 337, 338], [339, 340, 341], [342, 343, 344, 345], [346, 347, 348, 349], [350, 351, 352, 353], [354, 355, 356], [357, 358, 359, 360, 361], [362, 363, 364], [365, 366, 367, 368, 369], [370, 371, 372, 373], [374, 375, 376, 377, 378], [379, 380, 381], [382, 383, 384, 385, 386], [387, 388, 389], [390, 391, 392, 393], [394, 395, 396, 397], [398, 399, 400, 401], [402, 403, 404, 405], [406, 407, 408, 409, 410], [411, 412, 413, 414, 415], [416, 417, 418], [419, 420, 421], [422, 423, 424], [425, 426, 427, 428, 429], [430, 431, 432, 433, 434], [435, 436, 437], [438, 439, 440, 441, 442], [443, 444, 445], [446, 447, 448, 449, 450], [451, 452, 453, 454], [455, 456, 457, 458, 459], [460, 461, 462], [463, 464, 465, 466, 467], [468, 469, 470, 471, 472], [473, 474, 475, 476, 477], [478, 479, 480], [481, 482, 483, 484], [485, 486, 487, 488], [489, 490, 491, 492], [493, 494, 495, 496, 497], [498, 499, 500], [501, 502, 503, 504], [505, 506, 507], [508, 509, 510], [511, 512, 513, 514, 515], [516, 517, 518], [519, 520, 521, 522], [523, 524, 525], [526, 527, 528, 529], [530, 531, 532, 533], [534, 535, 536, 537, 538], [539, 540, 541, 542, 543], [544, 545, 546], [547, 548, 549, 550], [551, 552, 553], [554, 555, 556, 557, 558], [559, 560, 561], [562, 563, 564, 565], [566, 567, 568, 569], [570, 571, 572], [573, 574, 575, 576, 577], [578, 579, 580, 581, 582], [583, 584, 585, 586], [587, 588, 589, 590, 591], [592, 593, 594, 595], [596, 597, 598, 599, 600], [601, 602, 603, 604], [605, 606, 607], [608, 609, 610], [611, 612, 613], [614, 615, 616, 617, 618], [619, 620, 621, 622], [623, 624, 625], [626, 627, 628, 629], [630, 631, 632, 633, 634], [635, 636, 637], [638, 639, 640], [641, 642, 643], [644, 645, 646, 647], [648, 649, 650], [651, 652, 653], [654, 655, 656], [657, 658, 659, 660, 661], [662, 663, 664], [665, 666, 667, 668], [669, 670, 671, 672, 673], [674, 675, 676], [677, 678, 679, 680, 681], [682, 683, 684, 685], [686, 687, 688, 689], [690, 691, 692, 693, 694], [695, 696, 697, 698], [699, 700, 701, 702, 703], [704, 705, 706], [707, 708, 709, 710], [711, 712, 713, 714], [715, 716, 717, 718], [719, 720, 721], [722, 723, 724, 725, 726], [727, 728, 729, 730, 731], [732, 733, 734, 735, 736], [737, 738, 739], [740, 741, 742], [743, 744, 745], [746, 747, 748, 749, 750], [751, 752, 753], [754, 755, 756], [757, 758, 759, 760], [761, 762, 763, 764], [765, 766, 767, 768, 769], [770, 771, 772], [773, 774, 775, 776], [777, 778, 779, 780, 781], [782, 783, 784, 785, 786], [787, 788, 789], [790, 791, 792, 793, 794], [795, 796, 797], [798, 799, 800]]",204,366,36.733633039000004,22958,385.44744512600005,,183,11479
Block=5_Prob=1_n=100_nsets=800,"Vector{T} where T[[1, 2, 3, 4, 5], [6, 7, 8], [9, 10, 11, 12], [13, 14, 15, 16, 17], [18, 19, 20, 21, 22], [23, 24, 25], [26, 27, 28, 29, 30], [31, 32, 33, 34], [35, 36, 37, 38], [39, 40, 41, 42, 43], [44, 45, 46], [47, 48, 49, 50, 51], [52, 53, 54, 55], [56, 57, 58], [59, 60, 61, 62], [63, 64, 65, 66, 67], [68, 69, 70, 71, 72], [73, 74, 75, 76], [77, 78, 79], [80, 81, 82, 83, 84], [85, 86, 87, 88], [89, 90, 91], [92, 93, 94, 95, 96], [97, 98, 99, 100], [101, 102, 103], [104, 105, 106, 107], [108, 109, 110, 111, 112], [113, 114, 115, 116], [117, 118, 119], [120, 121, 122, 123], [124, 125, 126, 127, 128], [129, 130, 131, 132], [133, 134, 135], [136, 137, 138, 139, 140], [141, 142, 143, 144, 145], [146, 147, 148, 149], [150, 151, 152, 153], [154, 155, 156, 157, 158], [159, 160, 161], [162, 163, 164, 165, 166], [167, 168, 169], [170, 171, 172, 173], [174, 175, 176], [177, 178, 179, 180], [181, 182, 183, 184], [185, 186, 187, 188, 189], [190, 191, 192, 193, 194], [195, 196, 197, 198], [199, 200, 201, 202], [203, 204, 205, 206, 207], [208, 209, 210, 211], [212, 213, 214], [215, 216, 217, 218, 219], [220, 221, 222, 223, 224], [225, 226, 227], [228, 229, 230, 231, 232], [233, 234, 235, 236], [237, 238, 239], [240, 241, 242, 243], [244, 245, 246, 247, 248], [249, 250, 251, 252, 253], [254, 255, 256], [257, 258, 259, 260], [261, 262, 263], [264, 265, 266, 267, 268], [269, 270, 271, 272, 273], [274, 275, 276, 277], [278, 279, 280, 281, 282], [283, 284, 285], [286, 287, 288, 289], [290, 291, 292, 293, 294], [295, 296, 297, 298, 299], [300, 301, 302, 303], [304, 305, 306], [307, 308, 309, 310], [311, 312, 313, 314], [315, 316, 317, 318, 319], [320, 321, 322, 323, 324], [325, 326, 327], [328, 329, 330], [331, 332, 333, 334, 335], [336, 337, 338, 339], [340, 341, 342, 343, 344], [345, 346, 347, 348, 349], [350, 351, 352, 353], [354, 355, 356], [357, 358, 359, 360], [361, 362, 363, 364, 365], [366, 367, 368], [369, 370, 371], [372, 373, 374, 375], [376, 377, 378], [379, 380, 381, 382], [383, 384, 385, 386, 387], [388, 389, 390, 391], [392, 393, 394, 395], [396, 397, 398], [399, 400, 401, 402], [403, 404, 405, 406], [407, 408, 409], [410, 411, 412, 413], [414, 415, 416, 417, 418], [419, 420, 421], [422, 423, 424, 425, 426], [427, 428, 429, 430], [431, 432, 433, 434], [435, 436, 437, 438], [439, 440, 441, 442, 443], [444, 445, 446, 447], [448, 449, 450, 451], [452, 453, 454, 455], [456, 457, 458], [459, 460, 461], [462, 463, 464], [465, 466, 467], [468, 469, 470, 471], [472, 473, 474], [475, 476, 477], [478, 479, 480, 481, 482], [483, 484, 485, 486], [487, 488, 489, 490, 491], [492, 493, 494, 495], [496, 497, 498], [499, 500, 501, 502, 503], [504, 505, 506, 507, 508], [509, 510, 511, 512], [513, 514, 515], [516, 517, 518], [519, 520, 521, 522], [523, 524, 525], [526, 527, 528, 529, 530], [531, 532, 533, 534, 535], [536, 537, 538, 539, 540], [541, 542, 543, 544], [545, 546, 547, 548, 549], [550, 551, 552], [553, 554, 555, 556], [557, 558, 559, 560], [561, 562, 563], [564, 565, 566, 567, 568], [569, 570, 571], [572, 573, 574, 575], [576, 577, 578, 579], [580, 581, 582, 583], [584, 585, 586, 587], [588, 589, 590, 591], [592, 593, 594, 595, 596], [597, 598, 599], [600, 601, 602], [603, 604, 605, 606, 607], [608, 609, 610, 611, 612], [613, 614, 615, 616], [617, 618, 619, 620], [621, 622, 623, 624], [625, 626, 627, 628, 629], [630, 631, 632, 633], [634, 635, 636], [637, 638, 639], [640, 641, 642, 643, 644], [645, 646, 647, 648, 649], [650, 651, 652, 653], [654, 655, 656, 657], [658, 659, 660, 661], [662, 663, 664, 665, 666], [667, 668, 669], [670, 671, 672], [673, 674, 675, 676], [677, 678, 679, 680], [681, 682, 683, 684, 685], [686, 687, 688, 689, 690], [691, 692, 693, 694], [695, 696, 697, 698, 699], [700, 701, 702], [703, 704, 705], [706, 707, 708, 709], [710, 711, 712, 713], [714, 715, 716, 717], [718, 719, 720], [721, 722, 723, 724], [725, 726, 727], [728, 729, 730], [731, 732, 733, 734], [735, 736, 737], [738, 739, 740], [741, 742, 743, 744], [745, 746, 747, 748], [749, 750, 751, 752, 753], [754, 755, 756], [757, 758, 759, 760, 761], [762, 763, 764, 765], [766, 767, 768, 769, 770], [771, 772, 773, 774, 775], [776, 777, 778, 779], [780, 781, 782, 783, 784], [785, 786, 787, 788], [789, 790, 791, 792, 793], [794, 795, 796, 797], [798, 799, 800]]",198,456,32.83446137,19668,146.96145647400002,,228,9834
Block=5_Prob=2_n=100_nsets=800,"Vector{T} where T[[1, 2, 3, 4, 5], [6, 7, 8], [9, 10, 11, 12], [13, 14, 15, 16, 17], [18, 19, 20, 21, 22], [23, 24, 25], [26, 27, 28, 29, 30], [31, 32, 33, 34], [35, 36, 37, 38], [39, 40, 41, 42, 43], [44, 45, 46], [47, 48, 49, 50, 51], [52, 53, 54, 55], [56, 57, 58], [59, 60, 61, 62], [63, 64, 65, 66, 67], [68, 69, 70, 71, 72], [73, 74, 75, 76], [77, 78, 79], [80, 81, 82, 83, 84], [85, 86, 87, 88], [89, 90, 91], [92, 93, 94, 95, 96], [97, 98, 99, 100], [101, 102, 103], [104, 105, 106, 107], [108, 109, 110, 111, 112], [113, 114, 115, 116], [117, 118, 119], [120, 121, 122, 123], [124, 125, 126, 127, 128], [129, 130, 131, 132], [133, 134, 135], [136, 137, 138, 139, 140], [141, 142, 143, 144, 145], [146, 147, 148, 149], [150, 151, 152, 153], [154, 155, 156, 157, 158], [159, 160, 161], [162, 163, 164, 165, 166], [167, 168, 169], [170, 171, 172, 173], [174, 175, 176], [177, 178, 179, 180], [181, 182, 183, 184], [185, 186, 187, 188, 189], [190, 191, 192, 193, 194], [195, 196, 197, 198], [199, 200, 201, 202], [203, 204, 205, 206, 207], [208, 209, 210, 211], [212, 213, 214], [215, 216, 217, 218, 219], [220, 221, 222, 223, 224], [225, 226, 227], [228, 229, 230, 231, 232], [233, 234, 235, 236], [237, 238, 239], [240, 241, 242, 243], [244, 245, 246, 247, 248], [249, 250, 251, 252, 253], [254, 255, 256], [257, 258, 259, 260], [261, 262, 263], [264, 265, 266, 267, 268], [269, 270, 271, 272, 273], [274, 275, 276, 277], [278, 279, 280, 281, 282], [283, 284, 285], [286, 287, 288, 289], [290, 291, 292, 293, 294], [295, 296, 297, 298, 299], [300, 301, 302, 303], [304, 305, 306], [307, 308, 309, 310], [311, 312, 313, 314], [315, 316, 317, 318, 319], [320, 321, 322, 323, 324], [325, 326, 327], [328, 329, 330], [331, 332, 333, 334, 335], [336, 337, 338, 339], [340, 341, 342, 343, 344], [345, 346, 347, 348, 349], [350, 351, 352, 353], [354, 355, 356], [357, 358, 359, 360], [361, 362, 363, 364, 365], [366, 367, 368], [369, 370, 371], [372, 373, 374, 375], [376, 377, 378], [379, 380, 381, 382], [383, 384, 385, 386, 387], [388, 389, 390, 391], [392, 393, 394, 395], [396, 397, 398], [399, 400, 401, 402], [403, 404, 405, 406], [407, 408, 409], [410, 411, 412, 413], [414, 415, 416, 417, 418], [419, 420, 421], [422, 423, 424, 425, 426], [427, 428, 429, 430], [431, 432, 433, 434], [435, 436, 437, 438], [439, 440, 441, 442, 443], [444, 445, 446, 447], [448, 449, 450, 451], [452, 453, 454, 455], [456, 457, 458], [459, 460, 461], [462, 463, 464], [465, 466, 467], [468, 469, 470, 471], [472, 473, 474], [475, 476, 477], [478, 479, 480, 481, 482], [483, 484, 485, 486], [487, 488, 489, 490, 491], [492, 493, 494, 495], [496, 497, 498], [499, 500, 501, 502, 503], [504, 505, 506, 507, 508], [509, 510, 511, 512], [513, 514, 515], [516, 517, 518], [519, 520, 521, 522], [523, 524, 525], [526, 527, 528, 529, 530], [531, 532, 533, 534, 535], [536, 537, 538, 539, 540], [541, 542, 543, 544], [545, 546, 547, 548, 549], [550, 551, 552], [553, 554, 555, 556], [557, 558, 559, 560], [561, 562, 563], [564, 565, 566, 567, 568], [569, 570, 571], [572, 573, 574, 575], [576, 577, 578, 579], [580, 581, 582, 583], [584, 585, 586, 587], [588, 589, 590, 591], [592, 593, 594, 595, 596], [597, 598, 599], [600, 601, 602], [603, 604, 605, 606, 607], [608, 609, 610, 611, 612], [613, 614, 615, 616], [617, 618, 619, 620], [621, 622, 623, 624], [625, 626, 627, 628, 629], [630, 631, 632, 633], [634, 635, 636], [637, 638, 639], [640, 641, 642, 643, 644], [645, 646, 647, 648, 649], [650, 651, 652, 653], [654, 655, 656, 657], [658, 659, 660, 661], [662, 663, 664, 665, 666], [667, 668, 669], [670, 671, 672], [673, 674, 675, 676], [677, 678, 679, 680], [681, 682, 683, 684, 685], [686, 687, 688, 689, 690], [691, 692, 693, 694], [695, 696, 697, 698, 699], [700, 701, 702], [703, 704, 705], [706, 707, 708, 709], [710, 711, 712, 713], [714, 715, 716, 717], [718, 719, 720], [721, 722, 723, 724], [725, 726, 727], [728, 729, 730], [731, 732, 733, 734], [735, 736, 737], [738, 739, 740], [741, 742, 743, 744], [745, 746, 747, 748], [749, 750, 751, 752, 753], [754, 755, 756], [757, 758, 759, 760, 761], [762, 763, 764, 765], [766, 767, 768, 769, 770], [771, 772, 773, 774, 775], [776, 777, 778, 779], [780, 781, 782, 783, 784], [785, 786, 787, 788], [789, 790, 791, 792, 793], [794, 795, 796, 797], [798, 799, 800]]",198,256,39.881642002,8030,221.136417107,,128,4015
Block=1_Prob=1_n=200_nsets=40,"Vector{T} where T[[1, 2, 3, 4], [5, 6, 7, 8, 9], [10, 11, 12], [13, 14, 15], [16, 17, 18], [19, 20, 21, 22, 23], [24, 25, 26, 27, 28], [29, 30, 31], [32, 33, 34, 35, 36], [37, 38, 39], [40]]",11,118,7.467529994,740,23.890980352000003,,59,370
Block=1_Prob=2_n=200_nsets=40,"Vector{T} where T[[1, 2, 3, 4], [5, 6, 7, 8, 9], [10, 11, 12], [13, 14, 15], [16, 17, 18], [19, 20, 21, 22, 23], [24, 25, 26, 27, 28], [29, 30, 31], [32, 33, 34, 35, 36], [37, 38, 39], [40]]",11,122,8.388202787,3522,28.493177256000003,,61,1761
Block=2_Prob=1_n=200_nsets=40,"Vector{T} where T[[1, 2, 3, 4, 5], [6, 7, 8], [9, 10, 11, 12], [13, 14, 15], [16, 17, 18, 19, 20], [21, 22, 23, 24], [25, 26, 27, 28, 29], [30, 31, 32, 33, 34], [35, 36, 37, 38, 39], [40]]",10,268,7.310745572,9146,22.43447992,,134,4573
Block=2_Prob=2_n=200_nsets=40,"Vector{T} where T[[1, 2, 3, 4, 5], [6, 7, 8], [9, 10, 11, 12], [13, 14, 15], [16, 17, 18, 19, 20], [21, 22, 23, 24], [25, 26, 27, 28, 29], [30, 31, 32, 33, 34], [35, 36, 37, 38, 39], [40]]",10,172,5.979040726,2754,22.341043854000002,,86,1377
Block=3_Prob=1_n=200_nsets=40,"Vector{T} where T[[1, 2, 3, 4, 5], [6, 7, 8, 9], [10, 11, 12, 13, 14], [15, 16, 17, 18], [19, 20, 21, 22, 23], [24, 25, 26, 27], [28, 29, 30], [31, 32, 33, 34, 35], [36, 37, 38], [39, 40]]",10,130,5.58810914,1358,26.468099855000002,,65,679
Block=3_Prob=2_n=200_nsets=40,"Vector{T} where T[[1, 2, 3, 4, 5], [6, 7, 8, 9], [10, 11, 12, 13, 14], [15, 16, 17, 18], [19, 20, 21, 22, 23], [24, 25, 26, 27], [28, 29, 30], [31, 32, 33, 34, 35], [36, 37, 38], [39, 40]]",10,110,6.428427246,2150,35.347795952000006,,55,1075
Block=4_Prob=1_n=200_nsets=40,"Vector{T} where T[[1, 2, 3, 4, 5], [6, 7, 8], [9, 10, 11, 12, 13], [14, 15, 16], [17, 18, 19, 20], [21, 22, 23, 24], [25, 26, 27, 28], [29, 30, 31], [32, 33, 34, 35], [36, 37, 38], [39, 40]]",11,142,5.015704088000001,2750,27.001815671000003,,71,1375
Block=4_Prob=2_n=200_nsets=40,"Vector{T} where T[[1, 2, 3, 4, 5], [6, 7, 8], [9, 10, 11, 12, 13], [14, 15, 16], [17, 18, 19, 20], [21, 22, 23, 24], [25, 26, 27, 28], [29, 30, 31], [32, 33, 34, 35], [36, 37, 38], [39, 40]]",11,234,6.634165004000001,1260,20.078466402,,117,630
Block=5_Prob=1_n=200_nsets=40,"Vector{T} where T[[1, 2, 3, 4, 5], [6, 7, 8, 9], [10, 11, 12, 13], [14, 15, 16, 17], [18, 19, 20, 21, 22], [23, 24, 25, 26, 27], [28, 29, 30], [31, 32, 33, 34, 35], [36, 37, 38, 39, 40]]",9,96,6.988666223,780,19.084161753,,48,390
Block=5_Prob=2_n=200_nsets=40,"Vector{T} where T[[1, 2, 3, 4, 5], [6, 7, 8, 9], [10, 11, 12, 13], [14, 15, 16, 17], [18, 19, 20, 21, 22], [23, 24, 25, 26, 27], [28, 29, 30], [31, 32, 33, 34, 35], [36, 37, 38, 39, 40]]",9,158,13.161930455,968,50.876664526000006,,79,484
Block=1_Prob=1_n=200_nsets=100,"Vector{T} where T[[1, 2, 3, 4], [5, 6, 7, 8, 9], [10, 11, 12], [13, 14, 15], [16, 17, 18], [19, 20, 21, 22, 23], [24, 25, 26, 27, 28], [29, 30, 31], [32, 33, 34, 35, 36], [37, 38, 39], [40, 41, 42, 43], [44, 45, 46, 47, 48], [49, 50, 51], [52, 53, 54, 55], [56, 57, 58], [59, 60, 61, 62, 63], [64, 65, 66, 67], [68, 69, 70, 71, 72], [73, 74, 75, 76, 77], [78, 79, 80, 81, 82], [83, 84, 85, 86], [87, 88, 89, 90, 91], [92, 93, 94, 95], [96, 97, 98, 99, 100]]",24,228,14.499683481000002,8644,114.540542536,,114,4322
Block=1_Prob=2_n=200_nsets=100,"Vector{T} where T[[1, 2, 3, 4], [5, 6, 7, 8, 9], [10, 11, 12], [13, 14, 15], [16, 17, 18], [19, 20, 21, 22, 23], [24, 25, 26, 27, 28], [29, 30, 31], [32, 33, 34, 35, 36], [37, 38, 39], [40, 41, 42, 43], [44, 45, 46, 47, 48], [49, 50, 51], [52, 53, 54, 55], [56, 57, 58], [59, 60, 61, 62, 63], [64, 65, 66, 67], [68, 69, 70, 71, 72], [73, 74, 75, 76, 77], [78, 79, 80, 81, 82], [83, 84, 85, 86], [87, 88, 89, 90, 91], [92, 93, 94, 95], [96, 97, 98, 99, 100]]",24,280,42.817209129000005,12030,242.28050620500002,,140,6015
Block=2_Prob=1_n=200_nsets=100,"Vector{T} where T[[1, 2, 3, 4], [5, 6, 7, 8, 9], [10, 11, 12, 13], [14, 15, 16], [17, 18, 19, 20, 21], [22, 23, 24], [25, 26, 27], [28, 29, 30, 31, 32], [33, 34, 35], [36, 37, 38, 39, 40], [41, 42, 43], [44, 45, 46, 47], [48, 49, 50, 51], [52, 53, 54, 55], [56, 57, 58], [59, 60, 61, 62], [63, 64, 65], [66, 67, 68, 69, 70], [71, 72, 73, 74, 75], [76, 77, 78, 79], [80, 81, 82, 83], [84, 85, 86, 87], [88, 89, 90, 91, 92], [93, 94, 95, 96, 97], [98, 99, 100]]",25,120,14.206105257,15816,166.176233864,,60,7908
Block=2_Prob=2_n=200_nsets=100,"Vector{T} where T[[1, 2, 3, 4], [5, 6, 7, 8, 9], [10, 11, 12, 13], [14, 15, 16], [17, 18, 19, 20, 21], [22, 23, 24], [25, 26, 27], [28, 29, 30, 31, 32], [33, 34, 35], [36, 37, 38, 39, 40], [41, 42, 43], [44, 45, 46, 47], [48, 49, 50, 51], [52, 53, 54, 55], [56, 57, 58], [59, 60, 61, 62], [63, 64, 65], [66, 67, 68, 69, 70], [71, 72, 73, 74, 75], [76, 77, 78, 79], [80, 81, 82, 83], [84, 85, 86, 87], [88, 89, 90, 91, 92], [93, 94, 95, 96, 97], [98, 99, 100]]",25,214,13.367435159000001,10358,66.12256965600001,,107,5179
Block=3_Prob=1_n=200_nsets=100,"Vector{T} where T[[1, 2, 3, 4, 5], [6, 7, 8, 9, 10], [11, 12, 13], [14, 15, 16, 17, 18], [19, 20, 21, 22], [23, 24, 25], [26, 27, 28, 29], [30, 31, 32, 33, 34], [35, 36, 37, 38, 39], [40, 41, 42], [43, 44, 45, 46, 47], [48, 49, 50, 51, 52], [53, 54, 55, 56], [57, 58, 59, 60, 61], [62, 63, 64, 65], [66, 67, 68], [69, 70, 71, 72, 73], [74, 75, 76, 77], [78, 79, 80, 81], [82, 83, 84, 85], [86, 87, 88, 89, 90], [91, 92, 93], [94, 95, 96, 97, 98], [99, 100]]",24,122,13.466444286000002,5716,53.552301222000004,,61,2858
Block=3_Prob=2_n=200_nsets=100,"Vector{T} where T[[1, 2, 3, 4, 5], [6, 7, 8, 9, 10], [11, 12, 13], [14, 15, 16, 17, 18], [19, 20, 21, 22], [23, 24, 25], [26, 27, 28, 29], [30, 31, 32, 33, 34], [35, 36, 37, 38, 39], [40, 41, 42], [43, 44, 45, 46, 47], [48, 49, 50, 51, 52], [53, 54, 55, 56], [57, 58, 59, 60, 61], [62, 63, 64, 65], [66, 67, 68], [69, 70, 71, 72, 73], [74, 75, 76, 77], [78, 79, 80, 81], [82, 83, 84, 85], [86, 87, 88, 89, 90], [91, 92, 93], [94, 95, 96, 97, 98], [99, 100]]",24,142,45.202168372,3072,185.96445444000003,,71,1536
Block=4_Prob=1_n=200_nsets=100,"Vector{T} where T[[1, 2, 3, 4, 5], [6, 7, 8, 9, 10], [11, 12, 13, 14, 15], [16, 17, 18, 19, 20], [21, 22, 23, 24, 25], [26, 27, 28, 29, 30], [31, 32, 33, 34, 35], [36, 37, 38], [39, 40, 41], [42, 43, 44, 45], [46, 47, 48], [49, 50, 51, 52], [53, 54, 55], [56, 57, 58, 59, 60], [61, 62, 63, 64], [65, 66, 67, 68], [69, 70, 71], [72, 73, 74], [75, 76, 77, 78], [79, 80, 81, 82, 83], [84, 85, 86, 87, 88], [89, 90, 91], [92, 93, 94, 95], [96, 97, 98, 99], [100]]",25,216,13.266432106000002,4626,68.90190942800001,,108,2313
Block=4_Prob=2_n=200_nsets=100,"Vector{T} where T[[1, 2, 3, 4, 5], [6, 7, 8, 9, 10], [11, 12, 13, 14, 15], [16, 17, 18, 19, 20], [21, 22, 23, 24, 25], [26, 27, 28, 29, 30], [31, 32, 33, 34, 35], [36, 37, 38], [39, 40, 41], [42, 43, 44, 45], [46, 47, 48], [49, 50, 51, 52], [53, 54, 55], [56, 57, 58, 59, 60], [61, 62, 63, 64], [65, 66, 67, 68], [69, 70, 71], [72, 73, 74], [75, 76, 77, 78], [79, 80, 81, 82, 83], [84, 85, 86, 87, 88], [89, 90, 91], [92, 93, 94, 95], [96, 97, 98, 99], [100]]",25,148,12.441457326,2776,34.714496100000005,,74,1388
Block=5_Prob=1_n=200_nsets=100,"Vector{T} where T[[1, 2, 3, 4], [5, 6, 7], [8, 9, 10], [11, 12, 13, 14], [15, 16, 17, 18, 19], [20, 21, 22, 23], [24, 25, 26, 27], [28, 29, 30, 31], [32, 33, 34, 35, 36], [37, 38, 39, 40, 41], [42, 43, 44], [45, 46, 47, 48], [49, 50, 51], [52, 53, 54, 55], [56, 57, 58, 59], [60, 61, 62], [63, 64, 65, 66, 67], [68, 69, 70, 71], [72, 73, 74, 75, 76], [77, 78, 79], [80, 81, 82, 83, 84], [85, 86, 87, 88], [89, 90, 91, 92], [93, 94, 95], [96, 97, 98, 99, 100]]",25,240,17.957359192000002,2614,46.521888487000005,,120,1307
Block=5_Prob=2_n=200_nsets=100,"Vector{T} where T[[1, 2, 3, 4], [5, 6, 7], [8, 9, 10], [11, 12, 13, 14], [15, 16, 17, 18, 19], [20, 21, 22, 23], [24, 25, 26, 27], [28, 29, 30, 31], [32, 33, 34, 35, 36], [37, 38, 39, 40, 41], [42, 43, 44], [45, 46, 47, 48], [49, 50, 51], [52, 53, 54, 55], [56, 57, 58, 59], [60, 61, 62], [63, 64, 65, 66, 67], [68, 69, 70, 71], [72, 73, 74, 75, 76], [77, 78, 79], [80, 81, 82, 83, 84], [85, 86, 87, 88], [89, 90, 91, 92], [93, 94, 95], [96, 97, 98, 99, 100]]",25,234,15.323253132000001,5788,57.067129252,,117,2894
Block=1_Prob=1_n=200_nsets=200,"Vector{T} where T[[1, 2, 3, 4], [5, 6, 7, 8, 9], [10, 11, 12], [13, 14, 15], [16, 17, 18], [19, 20, 21, 22, 23], [24, 25, 26, 27, 28], [29, 30, 31], [32, 33, 34, 35, 36], [37, 38, 39], [40, 41, 42, 43], [44, 45, 46, 47, 48], [49, 50, 51], [52, 53, 54, 55], [56, 57, 58], [59, 60, 61, 62, 63], [64, 65, 66, 67], [68, 69, 70, 71, 72], [73, 74, 75, 76, 77], [78, 79, 80, 81, 82], [83, 84, 85, 86], [87, 88, 89, 90, 91], [92, 93, 94, 95], [96, 97, 98, 99, 100], [101, 102, 103, 104], [105, 106, 107, 108, 109], [110, 111, 112, 113], [114, 115, 116], [117, 118, 119, 120, 121], [122, 123, 124], [125, 126, 127], [128, 129, 130, 131, 132], [133, 134, 135], [136, 137, 138, 139, 140], [141, 142, 143], [144, 145, 146, 147], [148, 149, 150, 151], [152, 153, 154, 155], [156, 157, 158], [159, 160, 161, 162], [163, 164, 165], [166, 167, 168, 169, 170], [171, 172, 173, 174, 175], [176, 177, 178, 179], [180, 181, 182, 183], [184, 185, 186, 187], [188, 189, 190, 191, 192], [193, 194, 195, 196, 197], [198, 199, 200]]",49,108,27.402964714000003,3394,77.345690407,,54,1697
Block=1_Prob=2_n=200_nsets=200,"Vector{T} where T[[1, 2, 3, 4], [5, 6, 7, 8, 9], [10, 11, 12], [13, 14, 15], [16, 17, 18], [19, 20, 21, 22, 23], [24, 25, 26, 27, 28], [29, 30, 31], [32, 33, 34, 35, 36], [37, 38, 39], [40, 41, 42, 43], [44, 45, 46, 47, 48], [49, 50, 51], [52, 53, 54, 55], [56, 57, 58], [59, 60, 61, 62, 63], [64, 65, 66, 67], [68, 69, 70, 71, 72], [73, 74, 75, 76, 77], [78, 79, 80, 81, 82], [83, 84, 85, 86], [87, 88, 89, 90, 91], [92, 93, 94, 95], [96, 97, 98, 99, 100], [101, 102, 103, 104], [105, 106, 107, 108, 109], [110, 111, 112, 113], [114, 115, 116], [117, 118, 119, 120, 121], [122, 123, 124], [125, 126, 127], [128, 129, 130, 131, 132], [133, 134, 135], [136, 137, 138, 139, 140], [141, 142, 143], [144, 145, 146, 147], [148, 149, 150, 151], [152, 153, 154, 155], [156, 157, 158], [159, 160, 161, 162], [163, 164, 165], [166, 167, 168, 169, 170], [171, 172, 173, 174, 175], [176, 177, 178, 179], [180, 181, 182, 183], [184, 185, 186, 187], [188, 189, 190, 191, 192], [193, 194, 195, 196, 197], [198, 199, 200]]",49,186,38.8048608,1820,107.96737550900001,,93,910
Block=2_Prob=1_n=200_nsets=200,"Vector{T} where T[[1, 2, 3, 4, 5], [6, 7, 8, 9, 10], [11, 12, 13], [14, 15, 16, 17, 18], [19, 20, 21, 22], [23, 24, 25], [26, 27, 28, 29], [30, 31, 32, 33, 34], [35, 36, 37, 38, 39], [40, 41, 42], [43, 44, 45, 46, 47], [48, 49, 50, 51, 52], [53, 54, 55, 56], [57, 58, 59, 60, 61], [62, 63, 64, 65], [66, 67, 68], [69, 70, 71, 72, 73], [74, 75, 76, 77], [78, 79, 80, 81], [82, 83, 84, 85], [86, 87, 88, 89, 90], [91, 92, 93], [94, 95, 96, 97, 98], [99, 100, 101, 102], [103, 104, 105, 106, 107], [108, 109, 110, 111, 112], [113, 114, 115, 116, 117], [118, 119, 120, 121, 122], [123, 124, 125, 126, 127], [128, 129, 130, 131, 132], [133, 134, 135, 136, 137], [138, 139, 140], [141, 142, 143], [144, 145, 146, 147], [148, 149, 150], [151, 152, 153, 154], [155, 156, 157], [158, 159, 160, 161, 162], [163, 164, 165, 166], [167, 168, 169, 170], [171, 172, 173], [174, 175, 176], [177, 178, 179, 180], [181, 182, 183, 184, 185], [186, 187, 188, 189, 190], [191, 192, 193], [194, 195, 196, 197], [198, 199, 200]]",48,84,22.326053957000003,4284,602.859911851,,42,2142
Block=2_Prob=2_n=200_nsets=200,"Vector{T} where T[[1, 2, 3, 4, 5], [6, 7, 8, 9, 10], [11, 12, 13], [14, 15, 16, 17, 18], [19, 20, 21, 22], [23, 24, 25], [26, 27, 28, 29], [30, 31, 32, 33, 34], [35, 36, 37, 38, 39], [40, 41, 42], [43, 44, 45, 46, 47], [48, 49, 50, 51, 52], [53, 54, 55, 56], [57, 58, 59, 60, 61], [62, 63, 64, 65], [66, 67, 68], [69, 70, 71, 72, 73], [74, 75, 76, 77], [78, 79, 80, 81], [82, 83, 84, 85], [86, 87, 88, 89, 90], [91, 92, 93], [94, 95, 96, 97, 98], [99, 100, 101, 102], [103, 104, 105, 106, 107], [108, 109, 110, 111, 112], [113, 114, 115, 116, 117], [118, 119, 120, 121, 122], [123, 124, 125, 126, 127], [128, 129, 130, 131, 132], [133, 134, 135, 136, 137], [138, 139, 140], [141, 142, 143], [144, 145, 146, 147], [148, 149, 150], [151, 152, 153, 154], [155, 156, 157], [158, 159, 160, 161, 162], [163, 164, 165, 166], [167, 168, 169, 170], [171, 172, 173], [174, 175, 176], [177, 178, 179, 180], [181, 182, 183, 184, 185], [186, 187, 188, 189, 190], [191, 192, 193], [194, 195, 196, 197], [198, 199, 200]]",48,210,24.463161568,4660,418.028027291,,105,2330
Block=3_Prob=1_n=200_nsets=200,"Vector{T} where T[[1, 2, 3, 4, 5], [6, 7, 8, 9], [10, 11, 12], [13, 14, 15], [16, 17, 18, 19], [20, 21, 22, 23, 24], [25, 26, 27, 28], [29, 30, 31, 32], [33, 34, 35, 36], [37, 38, 39, 40, 41], [42, 43, 44, 45, 46], [47, 48, 49], [50, 51, 52, 53], [54, 55, 56], [57, 58, 59, 60], [61, 62, 63, 64], [65, 66, 67], [68, 69, 70, 71, 72], [73, 74, 75, 76], [77, 78, 79, 80, 81], [82, 83, 84], [85, 86, 87, 88, 89], [90, 91, 92, 93], [94, 95, 96, 97], [98, 99, 100], [101, 102, 103, 104, 105], [106, 107, 108], [109, 110, 111, 112, 113], [114, 115, 116], [117, 118, 119, 120], [121, 122, 123], [124, 125, 126, 127, 128], [129, 130, 131, 132, 133], [134, 135, 136, 137, 138], [139, 140, 141, 142, 143], [144, 145, 146, 147], [148, 149, 150, 151, 152], [153, 154, 155, 156], [157, 158, 159], [160, 161, 162, 163], [164, 165, 166, 167], [168, 169, 170, 171], [172, 173, 174], [175, 176, 177, 178, 179], [180, 181, 182, 183, 184], [185, 186, 187, 188, 189], [190, 191, 192, 193, 194], [195, 196, 197, 198], [199, 200]]",49,464,35.036482451000005,2946,115.73245963500001,,232,1473
Block=3_Prob=2_n=200_nsets=200,"Vector{T} where T[[1, 2, 3, 4, 5], [6, 7, 8, 9], [10, 11, 12], [13, 14, 15], [16, 17, 18, 19], [20, 21, 22, 23, 24], [25, 26, 27, 28], [29, 30, 31, 32], [33, 34, 35, 36], [37, 38, 39, 40, 41], [42, 43, 44, 45, 46], [47, 48, 49], [50, 51, 52, 53], [54, 55, 56], [57, 58, 59, 60], [61, 62, 63, 64], [65, 66, 67], [68, 69, 70, 71, 72], [73, 74, 75, 76], [77, 78, 79, 80, 81], [82, 83, 84], [85, 86, 87, 88, 89], [90, 91, 92, 93], [94, 95, 96, 97], [98, 99, 100], [101, 102, 103, 104, 105], [106, 107, 108], [109, 110, 111, 112, 113], [114, 115, 116], [117, 118, 119, 120], [121, 122, 123], [124, 125, 126, 127, 128], [129, 130, 131, 132, 133], [134, 135, 136, 137, 138], [139, 140, 141, 142, 143], [144, 145, 146, 147], [148, 149, 150, 151, 152], [153, 154, 155, 156], [157, 158, 159], [160, 161, 162, 163], [164, 165, 166, 167], [168, 169, 170, 171], [172, 173, 174], [175, 176, 177, 178, 179], [180, 181, 182, 183, 184], [185, 186, 187, 188, 189], [190, 191, 192, 193, 194], [195, 196, 197, 198], [199, 200]]",49,96,28.205889365,4132,208.144780134,,48,2066
Block=4_Prob=1_n=200_nsets=200,"Vector{T} where T[[1, 2, 3], [4, 5, 6], [7, 8, 9, 10, 11], [12, 13, 14], [15, 16, 17], [18, 19, 20, 21], [22, 23, 24, 25], [26, 27, 28, 29], [30, 31, 32, 33, 34], [35, 36, 37], [38, 39, 40], [41, 42, 43], [44, 45, 46, 47], [48, 49, 50], [51, 52, 53], [54, 55, 56, 57, 58], [59, 60, 61, 62, 63], [64, 65, 66, 67], [68, 69, 70, 71, 72], [73, 74, 75], [76, 77, 78, 79, 80], [81, 82, 83, 84], [85, 86, 87, 88], [89, 90, 91, 92], [93, 94, 95], [96, 97, 98], [99, 100, 101], [102, 103, 104, 105], [106, 107, 108, 109], [110, 111, 112, 113, 114], [115, 116, 117, 118, 119], [120, 121, 122, 123, 124], [125, 126, 127, 128, 129], [130, 131, 132], [133, 134, 135, 136], [137, 138, 139], [140, 141, 142, 143], [144, 145, 146, 147], [148, 149, 150, 151, 152], [153, 154, 155, 156, 157], [158, 159, 160, 161, 162], [163, 164, 165, 166, 167], [168, 169, 170], [171, 172, 173, 174], [175, 176, 177], [178, 179, 180], [181, 182, 183], [184, 185, 186, 187, 188], [189, 190, 191, 192], [193, 194, 195], [196, 197, 198], [199, 200]]",52,294,43.233685602,6390,257.486593738,,147,3195
Block=4_Prob=2_n=200_nsets=200,"Vector{T} where T[[1, 2, 3], [4, 5, 6], [7, 8, 9, 10, 11], [12, 13, 14], [15, 16, 17], [18, 19, 20, 21], [22, 23, 24, 25], [26, 27, 28, 29], [30, 31, 32, 33, 34], [35, 36, 37], [38, 39, 40], [41, 42, 43], [44, 45, 46, 47], [48, 49, 50], [51, 52, 53], [54, 55, 56, 57, 58], [59, 60, 61, 62, 63], [64, 65, 66, 67], [68, 69, 70, 71, 72], [73, 74, 75], [76, 77, 78, 79, 80], [81, 82, 83, 84], [85, 86, 87, 88], [89, 90, 91, 92], [93, 94, 95], [96, 97, 98], [99, 100, 101], [102, 103, 104, 105], [106, 107, 108, 109], [110, 111, 112, 113, 114], [115, 116, 117, 118, 119], [120, 121, 122, 123, 124], [125, 126, 127, 128, 129], [130, 131, 132], [133, 134, 135, 136], [137, 138, 139], [140, 141, 142, 143], [144, 145, 146, 147], [148, 149, 150, 151, 152], [153, 154, 155, 156, 157], [158, 159, 160, 161, 162], [163, 164, 165, 166, 167], [168, 169, 170], [171, 172, 173, 174], [175, 176, 177], [178, 179, 180], [181, 182, 183], [184, 185, 186, 187, 188], [189, 190, 191, 192], [193, 194, 195], [196, 197, 198], [199, 200]]",52,160,26.347632701000002,1740,113.287473757,,80,870
Block=5_Prob=1_n=200_nsets=200,"Vector{T} where T[[1, 2, 3, 4, 5], [6, 7, 8, 9, 10], [11, 12, 13, 14, 15], [16, 17, 18, 19, 20], [21, 22, 23], [24, 25, 26, 27], [28, 29, 30, 31], [32, 33, 34, 35, 36], [37, 38, 39, 40], [41, 42, 43], [44, 45, 46, 47, 48], [49, 50, 51], [52, 53, 54], [55, 56, 57, 58, 59], [60, 61, 62], [63, 64, 65, 66, 67], [68, 69, 70, 71], [72, 73, 74, 75, 76], [77, 78, 79, 80, 81], [82, 83, 84], [85, 86, 87, 88], [89, 90, 91, 92], [93, 94, 95], [96, 97, 98], [99, 100, 101], [102, 103, 104], [105, 106, 107, 108], [109, 110, 111], [112, 113, 114, 115, 116], [117, 118, 119, 120], [121, 122, 123], [124, 125, 126, 127, 128], [129, 130, 131, 132], [133, 134, 135], [136, 137, 138, 139], [140, 141, 142, 143], [144, 145, 146, 147], [148, 149, 150, 151, 152], [153, 154, 155, 156, 157], [158, 159, 160], [161, 162, 163, 164], [165, 166, 167], [168, 169, 170], [171, 172, 173, 174, 175], [176, 177, 178, 179], [180, 181, 182, 183, 184], [185, 186, 187, 188, 189], [190, 191, 192, 193], [194, 195, 196, 197, 198], [199, 200]]",50,294,46.80451802,10584,515.4099187070001,,147,5292
Block=5_Prob=2_n=200_nsets=200,"Vector{T} where T[[1, 2, 3, 4, 5], [6, 7, 8, 9, 10], [11, 12, 13, 14, 15], [16, 17, 18, 19, 20], [21, 22, 23], [24, 25, 26, 27], [28, 29, 30, 31], [32, 33, 34, 35, 36], [37, 38, 39, 40], [41, 42, 43], [44, 45, 46, 47, 48], [49, 50, 51], [52, 53, 54], [55, 56, 57, 58, 59], [60, 61, 62], [63, 64, 65, 66, 67], [68, 69, 70, 71], [72, 73, 74, 75, 76], [77, 78, 79, 80, 81], [82, 83, 84], [85, 86, 87, 88], [89, 90, 91, 92], [93, 94, 95], [96, 97, 98], [99, 100, 101], [102, 103, 104], [105, 106, 107, 108], [109, 110, 111], [112, 113, 114, 115, 116], [117, 118, 119, 120], [121, 122, 123], [124, 125, 126, 127, 128], [129, 130, 131, 132], [133, 134, 135], [136, 137, 138, 139], [140, 141, 142, 143], [144, 145, 146, 147], [148, 149, 150, 151, 152], [153, 154, 155, 156, 157], [158, 159, 160], [161, 162, 163, 164], [165, 166, 167], [168, 169, 170], [171, 172, 173, 174, 175], [176, 177, 178, 179], [180, 181, 182, 183, 184], [185, 186, 187, 188, 189], [190, 191, 192, 193], [194, 195, 196, 197, 198], [199, 200]]",50,86,26.782304961,5230,186.106693871,,43,2615
Block=1_Prob=1_n=200_nsets=400,"Vector{T} where T[[1, 2, 3, 4], [5, 6, 7, 8, 9], [10, 11, 12], [13, 14, 15], [16, 17, 18], [19, 20, 21, 22, 23], [24, 25, 26, 27, 28], [29, 30, 31], [32, 33, 34, 35, 36], [37, 38, 39], [40, 41, 42, 43], [44, 45, 46, 47, 48], [49, 50, 51], [52, 53, 54, 55], [56, 57, 58], [59, 60, 61, 62, 63], [64, 65, 66, 67], [68, 69, 70, 71, 72], [73, 74, 75, 76, 77], [78, 79, 80, 81, 82], [83, 84, 85, 86], [87, 88, 89, 90, 91], [92, 93, 94, 95], [96, 97, 98, 99, 100], [101, 102, 103, 104], [105, 106, 107, 108, 109], [110, 111, 112, 113], [114, 115, 116], [117, 118, 119, 120, 121], [122, 123, 124], [125, 126, 127], [128, 129, 130, 131, 132], [133, 134, 135], [136, 137, 138, 139, 140], [141, 142, 143], [144, 145, 146, 147], [148, 149, 150, 151], [152, 153, 154, 155], [156, 157, 158], [159, 160, 161, 162], [163, 164, 165], [166, 167, 168, 169, 170], [171, 172, 173, 174, 175], [176, 177, 178, 179], [180, 181, 182, 183], [184, 185, 186, 187], [188, 189, 190, 191, 192], [193, 194, 195, 196, 197], [198, 199, 200], [201, 202, 203, 204, 205], [206, 207, 208, 209, 210], [211, 212, 213], [214, 215, 216, 217, 218], [219, 220, 221, 222], [223, 224, 225], [226, 227, 228, 229], [230, 231, 232, 233, 234], [235, 236, 237, 238, 239], [240, 241, 242], [243, 244, 245, 246, 247], [248, 249, 250, 251, 252], [253, 254, 255, 256], [257, 258, 259, 260, 261], [262, 263, 264, 265], [266, 267, 268], [269, 270, 271, 272, 273], [274, 275, 276, 277], [278, 279, 280, 281], [282, 283, 284, 285], [286, 287, 288, 289, 290], [291, 292, 293], [294, 295, 296, 297, 298], [299, 300, 301, 302], [303, 304, 305, 306, 307], [308, 309, 310, 311, 312], [313, 314, 315, 316, 317], [318, 319, 320, 321, 322], [323, 324, 325, 326, 327], [328, 329, 330, 331, 332], [333, 334, 335, 336, 337], [338, 339, 340], [341, 342, 343], [344, 345, 346, 347], [348, 349, 350], [351, 352, 353, 354], [355, 356, 357], [358, 359, 360, 361, 362], [363, 364, 365, 366], [367, 368, 369, 370], [371, 372, 373], [374, 375, 376], [377, 378, 379, 380], [381, 382, 383, 384, 385], [386, 387, 388, 389, 390], [391, 392, 393], [394, 395, 396, 397], [398, 399, 400]]",97,232,52.998551453000005,6680,483.58603011900004,,116,3340
Block=1_Prob=2_n=200_nsets=400,"Vector{T} where T[[1, 2, 3, 4], [5, 6, 7, 8, 9], [10, 11, 12], [13, 14, 15], [16, 17, 18], [19, 20, 21, 22, 23], [24, 25, 26, 27, 28], [29, 30, 31], [32, 33, 34, 35, 36], [37, 38, 39], [40, 41, 42, 43], [44, 45, 46, 47, 48], [49, 50, 51], [52, 53, 54, 55], [56, 57, 58], [59, 60, 61, 62, 63], [64, 65, 66, 67], [68, 69, 70, 71, 72], [73, 74, 75, 76, 77], [78, 79, 80, 81, 82], [83, 84, 85, 86], [87, 88, 89, 90, 91], [92, 93, 94, 95], [96, 97, 98, 99, 100], [101, 102, 103, 104], [105, 106, 107, 108, 109], [110, 111, 112, 113], [114, 115, 116], [117, 118, 119, 120, 121], [122, 123, 124], [125, 126, 127], [128, 129, 130, 131, 132], [133, 134, 135], [136, 137, 138, 139, 140], [141, 142, 143], [144, 145, 146, 147], [148, 149, 150, 151], [152, 153, 154, 155], [156, 157, 158], [159, 160, 161, 162], [163, 164, 165], [166, 167, 168, 169, 170], [171, 172, 173, 174, 175], [176, 177, 178, 179], [180, 181, 182, 183], [184, 185, 186, 187], [188, 189, 190, 191, 192], [193, 194, 195, 196, 197], [198, 199, 200], [201, 202, 203, 204, 205], [206, 207, 208, 209, 210], [211, 212, 213], [214, 215, 216, 217, 218], [219, 220, 221, 222], [223, 224, 225], [226, 227, 228, 229], [230, 231, 232, 233, 234], [235, 236, 237, 238, 239], [240, 241, 242], [243, 244, 245, 246, 247], [248, 249, 250, 251, 252], [253, 254, 255, 256], [257, 258, 259, 260, 261], [262, 263, 264, 265], [266, 267, 268], [269, 270, 271, 272, 273], [274, 275, 276, 277], [278, 279, 280, 281], [282, 283, 284, 285], [286, 287, 288, 289, 290], [291, 292, 293], [294, 295, 296, 297, 298], [299, 300, 301, 302], [303, 304, 305, 306, 307], [308, 309, 310, 311, 312], [313, 314, 315, 316, 317], [318, 319, 320, 321, 322], [323, 324, 325, 326, 327], [328, 329, 330, 331, 332], [333, 334, 335, 336, 337], [338, 339, 340], [341, 342, 343], [344, 345, 346, 347], [348, 349, 350], [351, 352, 353, 354], [355, 356, 357], [358, 359, 360, 361, 362], [363, 364, 365, 366], [367, 368, 369, 370], [371, 372, 373], [374, 375, 376], [377, 378, 379, 380], [381, 382, 383, 384, 385], [386, 387, 388, 389, 390], [391, 392, 393], [394, 395, 396, 397], [398, 399, 400]]",97,714,55.946500546,4382,729.196565694,,357,2191
Block=2_Prob=1_n=200_nsets=400,"Vector{T} where T[[1, 2, 3, 4, 5], [6, 7, 8, 9], [10, 11, 12], [13, 14, 15], [16, 17, 18, 19], [20, 21, 22, 23, 24], [25, 26, 27, 28], [29, 30, 31, 32], [33, 34, 35, 36], [37, 38, 39, 40, 41], [42, 43, 44, 45, 46], [47, 48, 49], [50, 51, 52, 53], [54, 55, 56], [57, 58, 59, 60], [61, 62, 63, 64], [65, 66, 67], [68, 69, 70, 71, 72], [73, 74, 75, 76], [77, 78, 79, 80, 81], [82, 83, 84], [85, 86, 87, 88, 89], [90, 91, 92, 93], [94, 95, 96, 97], [98, 99, 100], [101, 102, 103, 104, 105], [106, 107, 108], [109, 110, 111, 112, 113], [114, 115, 116], [117, 118, 119, 120], [121, 122, 123], [124, 125, 126, 127, 128], [129, 130, 131, 132, 133], [134, 135, 136, 137, 138], [139, 140, 141, 142, 143], [144, 145, 146, 147], [148, 149, 150, 151, 152], [153, 154, 155, 156], [157, 158, 159], [160, 161, 162, 163], [164, 165, 166, 167], [168, 169, 170, 171], [172, 173, 174], [175, 176, 177, 178, 179], [180, 181, 182, 183, 184], [185, 186, 187, 188, 189], [190, 191, 192, 193, 194], [195, 196, 197, 198], [199, 200, 201, 202], [203, 204, 205], [206, 207, 208], [209, 210, 211, 212, 213], [214, 215, 216], [217, 218, 219], [220, 221, 222, 223], [224, 225, 226, 227], [228, 229, 230, 231], [232, 233, 234, 235, 236], [237, 238, 239], [240, 241, 242], [243, 244, 245], [246, 247, 248, 249], [250, 251, 252], [253, 254, 255], [256, 257, 258, 259, 260], [261, 262, 263, 264, 265], [266, 267, 268, 269], [270, 271, 272, 273, 274], [275, 276, 277], [278, 279, 280, 281, 282], [283, 284, 285, 286], [287, 288, 289, 290], [291, 292, 293, 294], [295, 296, 297], [298, 299, 300], [301, 302, 303], [304, 305, 306, 307], [308, 309, 310, 311], [312, 313, 314, 315, 316], [317, 318, 319, 320, 321], [322, 323, 324, 325, 326], [327, 328, 329, 330, 331], [332, 333, 334], [335, 336, 337, 338], [339, 340, 341], [342, 343, 344, 345], [346, 347, 348, 349], [350, 351, 352, 353, 354], [355, 356, 357, 358, 359], [360, 361, 362, 363, 364], [365, 366, 367, 368, 369], [370, 371, 372], [373, 374, 375, 376], [377, 378, 379], [380, 381, 382], [383, 384, 385], [386, 387, 388, 389, 390], [391, 392, 393, 394], [395, 396, 397], [398, 399, 400]]",100,100,50.685604344000005,18264,284.84249817700004,,50,9132
Block=2_Prob=2_n=200_nsets=400,"Vector{T} where T[[1, 2, 3, 4, 5], [6, 7, 8, 9], [10, 11, 12], [13, 14, 15], [16, 17, 18, 19], [20, 21, 22, 23, 24], [25, 26, 27, 28], [29, 30, 31, 32], [33, 34, 35, 36], [37, 38, 39, 40, 41], [42, 43, 44, 45, 46], [47, 48, 49], [50, 51, 52, 53], [54, 55, 56], [57, 58, 59, 60], [61, 62, 63, 64], [65, 66, 67], [68, 69, 70, 71, 72], [73, 74, 75, 76], [77, 78, 79, 80, 81], [82, 83, 84], [85, 86, 87, 88, 89], [90, 91, 92, 93], [94, 95, 96, 97], [98, 99, 100], [101, 102, 103, 104, 105], [106, 107, 108], [109, 110, 111, 112, 113], [114, 115, 116], [117, 118, 119, 120], [121, 122, 123], [124, 125, 126, 127, 128], [129, 130, 131, 132, 133], [134, 135, 136, 137, 138], [139, 140, 141, 142, 143], [144, 145, 146, 147], [148, 149, 150, 151, 152], [153, 154, 155, 156], [157, 158, 159], [160, 161, 162, 163], [164, 165, 166, 167], [168, 169, 170, 171], [172, 173, 174], [175, 176, 177, 178, 179], [180, 181, 182, 183, 184], [185, 186, 187, 188, 189], [190, 191, 192, 193, 194], [195, 196, 197, 198], [199, 200, 201, 202], [203, 204, 205], [206, 207, 208], [209, 210, 211, 212, 213], [214, 215, 216], [217, 218, 219], [220, 221, 222, 223], [224, 225, 226, 227], [228, 229, 230, 231], [232, 233, 234, 235, 236], [237, 238, 239], [240, 241, 242], [243, 244, 245], [246, 247, 248, 249], [250, 251, 252], [253, 254, 255], [256, 257, 258, 259, 260], [261, 262, 263, 264, 265], [266, 267, 268, 269], [270, 271, 272, 273, 274], [275, 276, 277], [278, 279, 280, 281, 282], [283, 284, 285, 286], [287, 288, 289, 290], [291, 292, 293, 294], [295, 296, 297], [298, 299, 300], [301, 302, 303], [304, 305, 306, 307], [308, 309, 310, 311], [312, 313, 314, 315, 316], [317, 318, 319, 320, 321], [322, 323, 324, 325, 326], [327, 328, 329, 330, 331], [332, 333, 334], [335, 336, 337, 338], [339, 340, 341], [342, 343, 344, 345], [346, 347, 348, 349], [350, 351, 352, 353, 354], [355, 356, 357, 358, 359], [360, 361, 362, 363, 364], [365, 366, 367, 368, 369], [370, 371, 372], [373, 374, 375, 376], [377, 378, 379], [380, 381, 382], [383, 384, 385], [386, 387, 388, 389, 390], [391, 392, 393, 394], [395, 396, 397], [398, 399, 400]]",100,136,48.340209187000006,20170,368.35181142100004,,68,10085
Block=3_Prob=1_n=200_nsets=400,"Vector{T} where T[[1, 2, 3], [4, 5, 6, 7, 8], [9, 10, 11, 12, 13], [14, 15, 16, 17, 18], [19, 20, 21, 22, 23], [24, 25, 26], [27, 28, 29, 30], [31, 32, 33, 34], [35, 36, 37, 38, 39], [40, 41, 42, 43], [44, 45, 46], [47, 48, 49, 50, 51], [52, 53, 54], [55, 56, 57], [58, 59, 60, 61, 62], [63, 64, 65], [66, 67, 68, 69, 70], [71, 72, 73, 74], [75, 76, 77, 78, 79], [80, 81, 82, 83, 84], [85, 86, 87], [88, 89, 90, 91], [92, 93, 94, 95], [96, 97, 98], [99, 100, 101], [102, 103, 104], [105, 106, 107], [108, 109, 110, 111], [112, 113, 114], [115, 116, 117, 118, 119], [120, 121, 122, 123], [124, 125, 126], [127, 128, 129, 130, 131], [132, 133, 134, 135], [136, 137, 138], [139, 140, 141, 142], [143, 144, 145, 146], [147, 148, 149, 150], [151, 152, 153, 154, 155], [156, 157, 158, 159, 160], [161, 162, 163], [164, 165, 166, 167], [168, 169, 170], [171, 172, 173], [174, 175, 176, 177, 178], [179, 180, 181, 182], [183, 184, 185, 186, 187], [188, 189, 190, 191, 192], [193, 194, 195, 196], [197, 198, 199, 200, 201], [202, 203, 204, 205, 206], [207, 208, 209, 210], [211, 212, 213, 214], [215, 216, 217], [218, 219, 220, 221], [222, 223, 224, 225], [226, 227, 228, 229, 230], [231, 232, 233, 234, 235], [236, 237, 238], [239, 240, 241, 242], [243, 244, 245, 246], [247, 248, 249, 250], [251, 252, 253], [254, 255, 256, 257, 258], [259, 260, 261, 262, 263], [264, 265, 266], [267, 268, 269, 270], [271, 272, 273], [274, 275, 276], [277, 278, 279, 280, 281], [282, 283, 284, 285, 286], [287, 288, 289, 290, 291], [292, 293, 294], [295, 296, 297, 298, 299], [300, 301, 302, 303, 304], [305, 306, 307, 308, 309], [310, 311, 312, 313], [314, 315, 316, 317], [318, 319, 320], [321, 322, 323, 324, 325], [326, 327, 328], [329, 330, 331, 332, 333], [334, 335, 336, 337], [338, 339, 340, 341], [342, 343, 344, 345], [346, 347, 348], [349, 350, 351, 352], [353, 354, 355, 356], [357, 358, 359, 360], [361, 362, 363, 364, 365], [366, 367, 368], [369, 370, 371], [372, 373, 374], [375, 376, 377], [378, 379, 380], [381, 382, 383, 384], [385, 386, 387, 388, 389], [390, 391, 392], [393, 394, 395, 396], [397, 398, 399, 400]]",100,286,51.263737147,19754,172.89583103,,143,9877
Block=3_Prob=2_n=200_nsets=400,"Vector{T} where T[[1, 2, 3], [4, 5, 6, 7, 8], [9, 10, 11, 12, 13], [14, 15, 16, 17, 18], [19, 20, 21, 22, 23], [24, 25, 26], [27, 28, 29, 30], [31, 32, 33, 34], [35, 36, 37, 38, 39], [40, 41, 42, 43], [44, 45, 46], [47, 48, 49, 50, 51], [52, 53, 54], [55, 56, 57], [58, 59, 60, 61, 62], [63, 64, 65], [66, 67, 68, 69, 70], [71, 72, 73, 74], [75, 76, 77, 78, 79], [80, 81, 82, 83, 84], [85, 86, 87], [88, 89, 90, 91], [92, 93, 94, 95], [96, 97, 98], [99, 100, 101], [102, 103, 104], [105, 106, 107], [108, 109, 110, 111], [112, 113, 114], [115, 116, 117, 118, 119], [120, 121, 122, 123], [124, 125, 126], [127, 128, 129, 130, 131], [132, 133, 134, 135], [136, 137, 138], [139, 140, 141, 142], [143, 144, 145, 146], [147, 148, 149, 150], [151, 152, 153, 154, 155], [156, 157, 158, 159, 160], [161, 162, 163], [164, 165, 166, 167], [168, 169, 170], [171, 172, 173], [174, 175, 176, 177, 178], [179, 180, 181, 182], [183, 184, 185, 186, 187], [188, 189, 190, 191, 192], [193, 194, 195, 196], [197, 198, 199, 200, 201], [202, 203, 204, 205, 206], [207, 208, 209, 210], [211, 212, 213, 214], [215, 216, 217], [218, 219, 220, 221], [222, 223, 224, 225], [226, 227, 228, 229, 230], [231, 232, 233, 234, 235], [236, 237, 238], [239, 240, 241, 242], [243, 244, 245, 246], [247, 248, 249, 250], [251, 252, 253], [254, 255, 256, 257, 258], [259, 260, 261, 262, 263], [264, 265, 266], [267, 268, 269, 270], [271, 272, 273], [274, 275, 276], [277, 278, 279, 280, 281], [282, 283, 284, 285, 286], [287, 288, 289, 290, 291], [292, 293, 294], [295, 296, 297, 298, 299], [300, 301, 302, 303, 304], [305, 306, 307, 308, 309], [310, 311, 312, 313], [314, 315, 316, 317], [318, 319, 320], [321, 322, 323, 324, 325], [326, 327, 328], [329, 330, 331, 332, 333], [334, 335, 336, 337], [338, 339, 340, 341], [342, 343, 344, 345], [346, 347, 348], [349, 350, 351, 352], [353, 354, 355, 356], [357, 358, 359, 360], [361, 362, 363, 364, 365], [366, 367, 368], [369, 370, 371], [372, 373, 374], [375, 376, 377], [378, 379, 380], [381, 382, 383, 384], [385, 386, 387, 388, 389], [390, 391, 392], [393, 394, 395, 396], [397, 398, 399, 400]]",100,342,54.485227713,11044,362.07338272100003,,171,5522
Block=4_Prob=1_n=200_nsets=400,"Vector{T} where T[[1, 2, 3, 4], [5, 6, 7, 8], [9, 10, 11], [12, 13, 14], [15, 16, 17, 18], [19, 20, 21, 22, 23], [24, 25, 26, 27], [28, 29, 30, 31], [32, 33, 34, 35], [36, 37, 38, 39], [40, 41, 42, 43, 44], [45, 46, 47, 48, 49], [50, 51, 52, 53], [54, 55, 56, 57, 58], [59, 60, 61, 62, 63], [64, 65, 66, 67, 68], [69, 70, 71], [72, 73, 74, 75, 76], [77, 78, 79, 80, 81], [82, 83, 84], [85, 86, 87], [88, 89, 90], [91, 92, 93, 94, 95], [96, 97, 98, 99, 100], [101, 102, 103], [104, 105, 106, 107], [108, 109, 110, 111], [112, 113, 114, 115], [116, 117, 118, 119], [120, 121, 122, 123, 124], [125, 126, 127, 128], [129, 130, 131], [132, 133, 134, 135, 136], [137, 138, 139], [140, 141, 142, 143], [144, 145, 146], [147, 148, 149, 150, 151], [152, 153, 154, 155], [156, 157, 158], [159, 160, 161, 162], [163, 164, 165, 166], [167, 168, 169], [170, 171, 172, 173], [174, 175, 176, 177, 178], [179, 180, 181], [182, 183, 184], [185, 186, 187, 188, 189], [190, 191, 192, 193, 194], [195, 196, 197], [198, 199, 200], [201, 202, 203], [204, 205, 206], [207, 208, 209, 210], [211, 212, 213], [214, 215, 216], [217, 218, 219, 220, 221], [222, 223, 224], [225, 226, 227, 228], [229, 230, 231, 232, 233], [234, 235, 236, 237], [238, 239, 240, 241], [242, 243, 244, 245], [246, 247, 248], [249, 250, 251, 252], [253, 254, 255, 256], [257, 258, 259, 260], [261, 262, 263, 264], [265, 266, 267], [268, 269, 270, 271, 272], [273, 274, 275, 276], [277, 278, 279, 280, 281], [282, 283, 284, 285], [286, 287, 288, 289], [290, 291, 292, 293, 294], [295, 296, 297], [298, 299, 300, 301], [302, 303, 304, 305], [306, 307, 308, 309, 310], [311, 312, 313, 314], [315, 316, 317], [318, 319, 320], [321, 322, 323, 324, 325], [326, 327, 328, 329, 330], [331, 332, 333, 334], [335, 336, 337], [338, 339, 340, 341, 342], [343, 344, 345], [346, 347, 348, 349], [350, 351, 352], [353, 354, 355, 356], [357, 358, 359, 360], [361, 362, 363], [364, 365, 366, 367, 368], [369, 370, 371, 372, 373], [374, 375, 376, 377, 378], [379, 380, 381], [382, 383, 384, 385, 386], [387, 388, 389, 390], [391, 392, 393, 394, 395], [396, 397, 398, 399, 400]]",100,288,57.496999644000006,24106,387.388354561,,144,12053
Block=4_Prob=2_n=200_nsets=400,"Vector{T} where T[[1, 2, 3, 4], [5, 6, 7, 8], [9, 10, 11], [12, 13, 14], [15, 16, 17, 18], [19, 20, 21, 22, 23], [24, 25, 26, 27], [28, 29, 30, 31], [32, 33, 34, 35], [36, 37, 38, 39], [40, 41, 42, 43, 44], [45, 46, 47, 48, 49], [50, 51, 52, 53], [54, 55, 56, 57, 58], [59, 60, 61, 62, 63], [64, 65, 66, 67, 68], [69, 70, 71], [72, 73, 74, 75, 76], [77, 78, 79, 80, 81], [82, 83, 84], [85, 86, 87], [88, 89, 90], [91, 92, 93, 94, 95], [96, 97, 98, 99, 100], [101, 102, 103], [104, 105, 106, 107], [108, 109, 110, 111], [112, 113, 114, 115], [116, 117, 118, 119], [120, 121, 122, 123, 124], [125, 126, 127, 128], [129, 130, 131], [132, 133, 134, 135, 136], [137, 138, 139], [140, 141, 142, 143], [144, 145, 146], [147, 148, 149, 150, 151], [152, 153, 154, 155], [156, 157, 158], [159, 160, 161, 162], [163, 164, 165, 166], [167, 168, 169], [170, 171, 172, 173], [174, 175, 176, 177, 178], [179, 180, 181], [182, 183, 184], [185, 186, 187, 188, 189], [190, 191, 192, 193, 194], [195, 196, 197], [198, 199, 200], [201, 202, 203], [204, 205, 206], [207, 208, 209, 210], [211, 212, 213], [214, 215, 216], [217, 218, 219, 220, 221], [222, 223, 224], [225, 226, 227, 228], [229, 230, 231, 232, 233], [234, 235, 236, 237], [238, 239, 240, 241], [242, 243, 244, 245], [246, 247, 248], [249, 250, 251, 252], [253, 254, 255, 256], [257, 258, 259, 260], [261, 262, 263, 264], [265, 266, 267], [268, 269, 270, 271, 272], [273, 274, 275, 276], [277, 278, 279, 280, 281], [282, 283, 284, 285], [286, 287, 288, 289], [290, 291, 292, 293, 294], [295, 296, 297], [298, 299, 300, 301], [302, 303, 304, 305], [306, 307, 308, 309, 310], [311, 312, 313, 314], [315, 316, 317], [318, 319, 320], [321, 322, 323, 324, 325], [326, 327, 328, 329, 330], [331, 332, 333, 334], [335, 336, 337], [338, 339, 340, 341, 342], [343, 344, 345], [346, 347, 348, 349], [350, 351, 352], [353, 354, 355, 356], [357, 358, 359, 360], [361, 362, 363], [364, 365, 366, 367, 368], [369, 370, 371, 372, 373], [374, 375, 376, 377, 378], [379, 380, 381], [382, 383, 384, 385, 386], [387, 388, 389, 390], [391, 392, 393, 394, 395], [396, 397, 398, 399, 400]]",100,258,67.90001184900001,35492,390.304466923,,129,17746
Block=5_Prob=1_n=200_nsets=400,"Vector{T} where T[[1, 2, 3, 4], [5, 6, 7, 8, 9], [10, 11, 12, 13], [14, 15, 16, 17], [18, 19, 20, 21, 22], [23, 24, 25, 26, 27], [28, 29, 30, 31], [32, 33, 34], [35, 36, 37], [38, 39, 40, 41, 42], [43, 44, 45], [46, 47, 48, 49, 50], [51, 52, 53], [54, 55, 56, 57, 58], [59, 60, 61, 62], [63, 64, 65], [66, 67, 68], [69, 70, 71, 72, 73], [74, 75, 76, 77, 78], [79, 80, 81, 82, 83], [84, 85, 86, 87, 88], [89, 90, 91], [92, 93, 94], [95, 96, 97, 98, 99], [100, 101, 102, 103, 104], [105, 106, 107, 108], [109, 110, 111], [112, 113, 114, 115], [116, 117, 118, 119], [120, 121, 122], [123, 124, 125, 126, 127], [128, 129, 130], [131, 132, 133], [134, 135, 136, 137, 138], [139, 140, 141, 142], [143, 144, 145, 146, 147], [148, 149, 150, 151], [152, 153, 154], [155, 156, 157, 158, 159], [160, 161, 162, 163], [164, 165, 166, 167], [168, 169, 170, 171], [172, 173, 174], [175, 176, 177], [178, 179, 180, 181, 182], [183, 184, 185, 186, 187], [188, 189, 190, 191, 192], [193, 194, 195, 196], [197, 198, 199, 200, 201], [202, 203, 204, 205, 206], [207, 208, 209], [210, 211, 212], [213, 214, 215, 216, 217], [218, 219, 220, 221], [222, 223, 224, 225], [226, 227, 228, 229, 230], [231, 232, 233, 234], [235, 236, 237, 238], [239, 240, 241, 242, 243], [244, 245, 246], [247, 248, 249], [250, 251, 252, 253], [254, 255, 256], [257, 258, 259], [260, 261, 262, 263], [264, 265, 266], [267, 268, 269, 270], [271, 272, 273], [274, 275, 276, 277, 278], [279, 280, 281], [282, 283, 284], [285, 286, 287, 288], [289, 290, 291], [292, 293, 294, 295, 296], [297, 298, 299], [300, 301, 302, 303, 304], [305, 306, 307], [308, 309, 310, 311, 312], [313, 314, 315, 316], [317, 318, 319, 320], [321, 322, 323, 324], [325, 326, 327], [328, 329, 330], [331, 332, 333, 334], [335, 336, 337, 338, 339], [340, 341, 342], [343, 344, 345], [346, 347, 348, 349], [350, 351, 352, 353], [354, 355, 356, 357, 358], [359, 360, 361, 362, 363], [364, 365, 366], [367, 368, 369, 370, 371], [372, 373, 374], [375, 376, 377, 378], [379, 380, 381, 382], [383, 384, 385, 386, 387], [388, 389, 390], [391, 392, 393, 394, 395], [396, 397, 398, 399, 400]]",100,684,70.65316009700001,13046,727.590152804,,342,6523
Block=5_Prob=2_n=200_nsets=400,"Vector{T} where T[[1, 2, 3, 4], [5, 6, 7, 8, 9], [10, 11, 12, 13], [14, 15, 16, 17], [18, 19, 20, 21, 22], [23, 24, 25, 26, 27], [28, 29, 30, 31], [32, 33, 34], [35, 36, 37], [38, 39, 40, 41, 42], [43, 44, 45], [46, 47, 48, 49, 50], [51, 52, 53], [54, 55, 56, 57, 58], [59, 60, 61, 62], [63, 64, 65], [66, 67, 68], [69, 70, 71, 72, 73], [74, 75, 76, 77, 78], [79, 80, 81, 82, 83], [84, 85, 86, 87, 88], [89, 90, 91], [92, 93, 94], [95, 96, 97, 98, 99], [100, 101, 102, 103, 104], [105, 106, 107, 108], [109, 110, 111], [112, 113, 114, 115], [116, 117, 118, 119], [120, 121, 122], [123, 124, 125, 126, 127], [128, 129, 130], [131, 132, 133], [134, 135, 136, 137, 138], [139, 140, 141, 142], [143, 144, 145, 146, 147], [148, 149, 150, 151], [152, 153, 154], [155, 156, 157, 158, 159], [160, 161, 162, 163], [164, 165, 166, 167], [168, 169, 170, 171], [172, 173, 174], [175, 176, 177], [178, 179, 180, 181, 182], [183, 184, 185, 186, 187], [188, 189, 190, 191, 192], [193, 194, 195, 196], [197, 198, 199, 200, 201], [202, 203, 204, 205, 206], [207, 208, 209], [210, 211, 212], [213, 214, 215, 216, 217], [218, 219, 220, 221], [222, 223, 224, 225], [226, 227, 228, 229, 230], [231, 232, 233, 234], [235, 236, 237, 238], [239, 240, 241, 242, 243], [244, 245, 246], [247, 248, 249], [250, 251, 252, 253], [254, 255, 256], [257, 258, 259], [260, 261, 262, 263], [264, 265, 266], [267, 268, 269, 270], [271, 272, 273], [274, 275, 276, 277, 278], [279, 280, 281], [282, 283, 284], [285, 286, 287, 288], [289, 290, 291], [292, 293, 294, 295, 296], [297, 298, 299], [300, 301, 302, 303, 304], [305, 306, 307], [308, 309, 310, 311, 312], [313, 314, 315, 316], [317, 318, 319, 320], [321, 322, 323, 324], [325, 326, 327], [328, 329, 330], [331, 332, 333, 334], [335, 336, 337, 338, 339], [340, 341, 342], [343, 344, 345], [346, 347, 348, 349], [350, 351, 352, 353], [354, 355, 356, 357, 358], [359, 360, 361, 362, 363], [364, 365, 366], [367, 368, 369, 370, 371], [372, 373, 374], [375, 376, 377, 378], [379, 380, 381, 382], [383, 384, 385, 386, 387], [388, 389, 390], [391, 392, 393, 394, 395], [396, 397, 398, 399, 400]]",100,388,55.729971844000005,9886,456.030269662,,194,4943
Block=1_Prob=1_n=200_nsets=800,"Vector{T} where T[[1, 2, 3, 4], [5, 6, 7, 8, 9], [10, 11, 12], [13, 14, 15], [16, 17, 18], [19, 20, 21, 22, 23], [24, 25, 26, 27, 28], [29, 30, 31], [32, 33, 34, 35, 36], [37, 38, 39], [40, 41, 42, 43], [44, 45, 46, 47, 48], [49, 50, 51], [52, 53, 54, 55], [56, 57, 58], [59, 60, 61, 62, 63], [64, 65, 66, 67], [68, 69, 70, 71, 72], [73, 74, 75, 76, 77], [78, 79, 80, 81, 82], [83, 84, 85, 86], [87, 88, 89, 90, 91], [92, 93, 94, 95], [96, 97, 98, 99, 100], [101, 102, 103, 104], [105, 106, 107, 108, 109], [110, 111, 112, 113], [114, 115, 116], [117, 118, 119, 120, 121], [122, 123, 124], [125, 126, 127], [128, 129, 130, 131, 132], [133, 134, 135], [136, 137, 138, 139, 140], [141, 142, 143], [144, 145, 146, 147], [148, 149, 150, 151], [152, 153, 154, 155], [156, 157, 158], [159, 160, 161, 162], [163, 164, 165], [166, 167, 168, 169, 170], [171, 172, 173, 174, 175], [176, 177, 178, 179], [180, 181, 182, 183], [184, 185, 186, 187], [188, 189, 190, 191, 192], [193, 194, 195, 196, 197], [198, 199, 200], [201, 202, 203, 204, 205], [206, 207, 208, 209, 210], [211, 212, 213], [214, 215, 216, 217, 218], [219, 220, 221, 222], [223, 224, 225], [226, 227, 228, 229], [230, 231, 232, 233, 234], [235, 236, 237, 238, 239], [240, 241, 242], [243, 244, 245, 246, 247], [248, 249, 250, 251, 252], [253, 254, 255, 256], [257, 258, 259, 260, 261], [262, 263, 264, 265], [266, 267, 268], [269, 270, 271, 272, 273], [274, 275, 276, 277], [278, 279, 280, 281], [282, 283, 284, 285], [286, 287, 288, 289, 290], [291, 292, 293], [294, 295, 296, 297, 298], [299, 300, 301, 302], [303, 304, 305, 306, 307], [308, 309, 310, 311, 312], [313, 314, 315, 316, 317], [318, 319, 320, 321, 322], [323, 324, 325, 326, 327], [328, 329, 330, 331, 332], [333, 334, 335, 336, 337], [338, 339, 340], [341, 342, 343], [344, 345, 346, 347], [348, 349, 350], [351, 352, 353, 354], [355, 356, 357], [358, 359, 360, 361, 362], [363, 364, 365, 366], [367, 368, 369, 370], [371, 372, 373], [374, 375, 376], [377, 378, 379, 380], [381, 382, 383, 384, 385], [386, 387, 388, 389, 390], [391, 392, 393], [394, 395, 396, 397], [398, 399, 400, 401], [402, 403, 404, 405, 406], [407, 408, 409, 410], [411, 412, 413], [414, 415, 416], [417, 418, 419, 420], [421, 422, 423, 424, 425], [426, 427, 428, 429], [430, 431, 432, 433], [434, 435, 436, 437], [438, 439, 440, 441, 442], [443, 444, 445, 446, 447], [448, 449, 450], [451, 452, 453, 454], [455, 456, 457], [458, 459, 460, 461], [462, 463, 464, 465], [466, 467, 468], [469, 470, 471, 472, 473], [474, 475, 476, 477], [478, 479, 480, 481, 482], [483, 484, 485], [486, 487, 488, 489, 490], [491, 492, 493, 494], [495, 496, 497, 498], [499, 500, 501], [502, 503, 504, 505, 506], [507, 508, 509], [510, 511, 512, 513, 514], [515, 516, 517], [518, 519, 520, 521], [522, 523, 524], [525, 526, 527, 528, 529], [530, 531, 532, 533, 534], [535, 536, 537, 538, 539], [540, 541, 542, 543, 544], [545, 546, 547, 548], [549, 550, 551, 552, 553], [554, 555, 556, 557], [558, 559, 560], [561, 562, 563, 564], [565, 566, 567, 568], [569, 570, 571, 572], [573, 574, 575], [576, 577, 578, 579, 580], [581, 582, 583, 584, 585], [586, 587, 588, 589, 590], [591, 592, 593, 594, 595], [596, 597, 598, 599], [600, 601, 602, 603], [604, 605, 606], [607, 608, 609], [610, 611, 612, 613, 614], [615, 616, 617], [618, 619, 620], [621, 622, 623, 624], [625, 626, 627, 628], [629, 630, 631, 632], [633, 634, 635, 636, 637], [638, 639, 640], [641, 642, 643], [644, 645, 646], [647, 648, 649, 650], [651, 652, 653], [654, 655, 656], [657, 658, 659, 660, 661], [662, 663, 664, 665, 666], [667, 668, 669, 670], [671, 672, 673, 674, 675], [676, 677, 678], [679, 680, 681, 682, 683], [684, 685, 686, 687], [688, 689, 690, 691], [692, 693, 694, 695], [696, 697, 698], [699, 700, 701], [702, 703, 704], [705, 706, 707, 708], [709, 710, 711, 712], [713, 714, 715, 716, 717], [718, 719, 720, 721, 722], [723, 724, 725, 726, 727], [728, 729, 730, 731, 732], [733, 734, 735], [736, 737, 738, 739], [740, 741, 742], [743, 744, 745, 746], [747, 748, 749, 750], [751, 752, 753, 754, 755], [756, 757, 758, 759, 760], [761, 762, 763, 764, 765], [766, 767, 768, 769, 770], [771, 772, 773], [774, 775, 776, 777], [778, 779, 780], [781, 782, 783], [784, 785, 786], [787, 788, 789, 790, 791], [792, 793, 794, 795], [796, 797, 798], [799, 800]]",197,730,120.30195959100001,12608,871.107576728,,365,6304
Block=1_Prob=2_n=200_nsets=800,"Vector{T} where T[[1, 2, 3, 4], [5, 6, 7, 8, 9], [10, 11, 12], [13, 14, 15], [16, 17, 18], [19, 20, 21, 22, 23], [24, 25, 26, 27, 28], [29, 30, 31], [32, 33, 34, 35, 36], [37, 38, 39], [40, 41, 42, 43], [44, 45, 46, 47, 48], [49, 50, 51], [52, 53, 54, 55], [56, 57, 58], [59, 60, 61, 62, 63], [64, 65, 66, 67], [68, 69, 70, 71, 72], [73, 74, 75, 76, 77], [78, 79, 80, 81, 82], [83, 84, 85, 86], [87, 88, 89, 90, 91], [92, 93, 94, 95], [96, 97, 98, 99, 100], [101, 102, 103, 104], [105, 106, 107, 108, 109], [110, 111, 112, 113], [114, 115, 116], [117, 118, 119, 120, 121], [122, 123, 124], [125, 126, 127], [128, 129, 130, 131, 132], [133, 134, 135], [136, 137, 138, 139, 140], [141, 142, 143], [144, 145, 146, 147], [148, 149, 150, 151], [152, 153, 154, 155], [156, 157, 158], [159, 160, 161, 162], [163, 164, 165], [166, 167, 168, 169, 170], [171, 172, 173, 174, 175], [176, 177, 178, 179], [180, 181, 182, 183], [184, 185, 186, 187], [188, 189, 190, 191, 192], [193, 194, 195, 196, 197], [198, 199, 200], [201, 202, 203, 204, 205], [206, 207, 208, 209, 210], [211, 212, 213], [214, 215, 216, 217, 218], [219, 220, 221, 222], [223, 224, 225], [226, 227, 228, 229], [230, 231, 232, 233, 234], [235, 236, 237, 238, 239], [240, 241, 242], [243, 244, 245, 246, 247], [248, 249, 250, 251, 252], [253, 254, 255, 256], [257, 258, 259, 260, 261], [262, 263, 264, 265], [266, 267, 268], [269, 270, 271, 272, 273], [274, 275, 276, 277], [278, 279, 280, 281], [282, 283, 284, 285], [286, 287, 288, 289, 290], [291, 292, 293], [294, 295, 296, 297, 298], [299, 300, 301, 302], [303, 304, 305, 306, 307], [308, 309, 310, 311, 312], [313, 314, 315, 316, 317], [318, 319, 320, 321, 322], [323, 324, 325, 326, 327], [328, 329, 330, 331, 332], [333, 334, 335, 336, 337], [338, 339, 340], [341, 342, 343], [344, 345, 346, 347], [348, 349, 350], [351, 352, 353, 354], [355, 356, 357], [358, 359, 360, 361, 362], [363, 364, 365, 366], [367, 368, 369, 370], [371, 372, 373], [374, 375, 376], [377, 378, 379, 380], [381, 382, 383, 384, 385], [386, 387, 388, 389, 390], [391, 392, 393], [394, 395, 396, 397], [398, 399, 400, 401], [402, 403, 404, 405, 406], [407, 408, 409, 410], [411, 412, 413], [414, 415, 416], [417, 418, 419, 420], [421, 422, 423, 424, 425], [426, 427, 428, 429], [430, 431, 432, 433], [434, 435, 436, 437], [438, 439, 440, 441, 442], [443, 444, 445, 446, 447], [448, 449, 450], [451, 452, 453, 454], [455, 456, 457], [458, 459, 460, 461], [462, 463, 464, 465], [466, 467, 468], [469, 470, 471, 472, 473], [474, 475, 476, 477], [478, 479, 480, 481, 482], [483, 484, 485], [486, 487, 488, 489, 490], [491, 492, 493, 494], [495, 496, 497, 498], [499, 500, 501], [502, 503, 504, 505, 506], [507, 508, 509], [510, 511, 512, 513, 514], [515, 516, 517], [518, 519, 520, 521], [522, 523, 524], [525, 526, 527, 528, 529], [530, 531, 532, 533, 534], [535, 536, 537, 538, 539], [540, 541, 542, 543, 544], [545, 546, 547, 548], [549, 550, 551, 552, 553], [554, 555, 556, 557], [558, 559, 560], [561, 562, 563, 564], [565, 566, 567, 568], [569, 570, 571, 572], [573, 574, 575], [576, 577, 578, 579, 580], [581, 582, 583, 584, 585], [586, 587, 588, 589, 590], [591, 592, 593, 594, 595], [596, 597, 598, 599], [600, 601, 602, 603], [604, 605, 606], [607, 608, 609], [610, 611, 612, 613, 614], [615, 616, 617], [618, 619, 620], [621, 622, 623, 624], [625, 626, 627, 628], [629, 630, 631, 632], [633, 634, 635, 636, 637], [638, 639, 640], [641, 642, 643], [644, 645, 646], [647, 648, 649, 650], [651, 652, 653], [654, 655, 656], [657, 658, 659, 660, 661], [662, 663, 664, 665, 666], [667, 668, 669, 670], [671, 672, 673, 674, 675], [676, 677, 678], [679, 680, 681, 682, 683], [684, 685, 686, 687], [688, 689, 690, 691], [692, 693, 694, 695], [696, 697, 698], [699, 700, 701], [702, 703, 704], [705, 706, 707, 708], [709, 710, 711, 712], [713, 714, 715, 716, 717], [718, 719, 720, 721, 722], [723, 724, 725, 726, 727], [728, 729, 730, 731, 732], [733, 734, 735], [736, 737, 738, 739], [740, 741, 742], [743, 744, 745, 746], [747, 748, 749, 750], [751, 752, 753, 754, 755], [756, 757, 758, 759, 760], [761, 762, 763, 764, 765], [766, 767, 768, 769, 770], [771, 772, 773], [774, 775, 776, 777], [778, 779, 780], [781, 782, 783], [784, 785, 786], [787, 788, 789, 790, 791], [792, 793, 794, 795], [796, 797, 798], [799, 800]]",197,470,89.788176811,29992,589.2253208540001,,235,14996
Block=2_Prob=1_n=200_nsets=800,"Vector{T} where T[[1, 2, 3], [4, 5, 6, 7, 8], [9, 10, 11, 12, 13], [14, 15, 16, 17, 18], [19, 20, 21, 22, 23], [24, 25, 26], [27, 28, 29, 30], [31, 32, 33, 34], [35, 36, 37, 38, 39], [40, 41, 42, 43], [44, 45, 46], [47, 48, 49, 50, 51], [52, 53, 54], [55, 56, 57], [58, 59, 60, 61, 62], [63, 64, 65], [66, 67, 68, 69, 70], [71, 72, 73, 74], [75, 76, 77, 78, 79], [80, 81, 82, 83, 84], [85, 86, 87], [88, 89, 90, 91], [92, 93, 94, 95], [96, 97, 98], [99, 100, 101], [102, 103, 104], [105, 106, 107], [108, 109, 110, 111], [112, 113, 114], [115, 116, 117, 118, 119], [120, 121, 122, 123], [124, 125, 126], [127, 128, 129, 130, 131], [132, 133, 134, 135], [136, 137, 138], [139, 140, 141, 142], [143, 144, 145, 146], [147, 148, 149, 150], [151, 152, 153, 154, 155], [156, 157, 158, 159, 160], [161, 162, 163], [164, 165, 166, 167], [168, 169, 170], [171, 172, 173], [174, 175, 176, 177, 178], [179, 180, 181, 182], [183, 184, 185, 186, 187], [188, 189, 190, 191, 192], [193, 194, 195, 196], [197, 198, 199, 200, 201], [202, 203, 204, 205, 206], [207, 208, 209, 210], [211, 212, 213, 214], [215, 216, 217], [218, 219, 220, 221], [222, 223, 224, 225], [226, 227, 228, 229, 230], [231, 232, 233, 234, 235], [236, 237, 238], [239, 240, 241, 242], [243, 244, 245, 246], [247, 248, 249, 250], [251, 252, 253], [254, 255, 256, 257, 258], [259, 260, 261, 262, 263], [264, 265, 266], [267, 268, 269, 270], [271, 272, 273], [274, 275, 276], [277, 278, 279, 280, 281], [282, 283, 284, 285, 286], [287, 288, 289, 290, 291], [292, 293, 294], [295, 296, 297, 298, 299], [300, 301, 302, 303, 304], [305, 306, 307, 308, 309], [310, 311, 312, 313], [314, 315, 316, 317], [318, 319, 320], [321, 322, 323, 324, 325], [326, 327, 328], [329, 330, 331, 332, 333], [334, 335, 336, 337], [338, 339, 340, 341], [342, 343, 344, 345], [346, 347, 348], [349, 350, 351, 352], [353, 354, 355, 356], [357, 358, 359, 360], [361, 362, 363, 364, 365], [366, 367, 368], [369, 370, 371], [372, 373, 374], [375, 376, 377], [378, 379, 380], [381, 382, 383, 384], [385, 386, 387, 388, 389], [390, 391, 392], [393, 394, 395, 396], [397, 398, 399, 400], [401, 402, 403, 404], [405, 406, 407, 408], [409, 410, 411], [412, 413, 414], [415, 416, 417, 418], [419, 420, 421, 422, 423], [424, 425, 426, 427], [428, 429, 430, 431], [432, 433, 434, 435], [436, 437, 438, 439], [440, 441, 442, 443, 444], [445, 446, 447, 448, 449], [450, 451, 452, 453], [454, 455, 456, 457, 458], [459, 460, 461, 462, 463], [464, 465, 466, 467, 468], [469, 470, 471], [472, 473, 474, 475, 476], [477, 478, 479, 480, 481], [482, 483, 484], [485, 486, 487], [488, 489, 490], [491, 492, 493, 494, 495], [496, 497, 498, 499, 500], [501, 502, 503], [504, 505, 506, 507], [508, 509, 510, 511], [512, 513, 514, 515], [516, 517, 518, 519], [520, 521, 522, 523, 524], [525, 526, 527, 528], [529, 530, 531], [532, 533, 534, 535, 536], [537, 538, 539], [540, 541, 542, 543], [544, 545, 546], [547, 548, 549, 550, 551], [552, 553, 554, 555], [556, 557, 558], [559, 560, 561, 562], [563, 564, 565, 566], [567, 568, 569], [570, 571, 572, 573], [574, 575, 576, 577, 578], [579, 580, 581], [582, 583, 584], [585, 586, 587, 588, 589], [590, 591, 592, 593, 594], [595, 596, 597], [598, 599, 600], [601, 602, 603], [604, 605, 606], [607, 608, 609, 610], [611, 612, 613], [614, 615, 616], [617, 618, 619, 620, 621], [622, 623, 624], [625, 626, 627, 628], [629, 630, 631, 632, 633], [634, 635, 636, 637], [638, 639, 640, 641], [642, 643, 644, 645], [646, 647, 648], [649, 650, 651, 652], [653, 654, 655, 656], [657, 658, 659, 660], [661, 662, 663, 664], [665, 666, 667], [668, 669, 670, 671, 672], [673, 674, 675, 676], [677, 678, 679, 680, 681], [682, 683, 684, 685], [686, 687, 688, 689], [690, 691, 692, 693, 694], [695, 696, 697], [698, 699, 700, 701], [702, 703, 704, 705], [706, 707, 708, 709, 710], [711, 712, 713, 714], [715, 716, 717], [718, 719, 720], [721, 722, 723, 724, 725], [726, 727, 728, 729, 730], [731, 732, 733, 734], [735, 736, 737], [738, 739, 740, 741, 742], [743, 744, 745], [746, 747, 748, 749], [750, 751, 752], [753, 754, 755, 756], [757, 758, 759, 760], [761, 762, 763], [764, 765, 766, 767, 768], [769, 770, 771, 772, 773], [774, 775, 776, 777, 778], [779, 780, 781], [782, 783, 784, 785, 786], [787, 788, 789, 790], [791, 792, 793, 794, 795], [796, 797, 798, 799, 800]]",200,736,100.46841676400001,40276,970.2743534890001,,368,20138
Block=2_Prob=2_n=200_nsets=800,"Vector{T} where T[[1, 2, 3], [4, 5, 6, 7, 8], [9, 10, 11, 12, 13], [14, 15, 16, 17, 18], [19, 20, 21, 22, 23], [24, 25, 26], [27, 28, 29, 30], [31, 32, 33, 34], [35, 36, 37, 38, 39], [40, 41, 42, 43], [44, 45, 46], [47, 48, 49, 50, 51], [52, 53, 54], [55, 56, 57], [58, 59, 60, 61, 62], [63, 64, 65], [66, 67, 68, 69, 70], [71, 72, 73, 74], [75, 76, 77, 78, 79], [80, 81, 82, 83, 84], [85, 86, 87], [88, 89, 90, 91], [92, 93, 94, 95], [96, 97, 98], [99, 100, 101], [102, 103, 104], [105, 106, 107], [108, 109, 110, 111], [112, 113, 114], [115, 116, 117, 118, 119], [120, 121, 122, 123], [124, 125, 126], [127, 128, 129, 130, 131], [132, 133, 134, 135], [136, 137, 138], [139, 140, 141, 142], [143, 144, 145, 146], [147, 148, 149, 150], [151, 152, 153, 154, 155], [156, 157, 158, 159, 160], [161, 162, 163], [164, 165, 166, 167], [168, 169, 170], [171, 172, 173], [174, 175, 176, 177, 178], [179, 180, 181, 182], [183, 184, 185, 186, 187], [188, 189, 190, 191, 192], [193, 194, 195, 196], [197, 198, 199, 200, 201], [202, 203, 204, 205, 206], [207, 208, 209, 210], [211, 212, 213, 214], [215, 216, 217], [218, 219, 220, 221], [222, 223, 224, 225], [226, 227, 228, 229, 230], [231, 232, 233, 234, 235], [236, 237, 238], [239, 240, 241, 242], [243, 244, 245, 246], [247, 248, 249, 250], [251, 252, 253], [254, 255, 256, 257, 258], [259, 260, 261, 262, 263], [264, 265, 266], [267, 268, 269, 270], [271, 272, 273], [274, 275, 276], [277, 278, 279, 280, 281], [282, 283, 284, 285, 286], [287, 288, 289, 290, 291], [292, 293, 294], [295, 296, 297, 298, 299], [300, 301, 302, 303, 304], [305, 306, 307, 308, 309], [310, 311, 312, 313], [314, 315, 316, 317], [318, 319, 320], [321, 322, 323, 324, 325], [326, 327, 328], [329, 330, 331, 332, 333], [334, 335, 336, 337], [338, 339, 340, 341], [342, 343, 344, 345], [346, 347, 348], [349, 350, 351, 352], [353, 354, 355, 356], [357, 358, 359, 360], [361, 362, 363, 364, 365], [366, 367, 368], [369, 370, 371], [372, 373, 374], [375, 376, 377], [378, 379, 380], [381, 382, 383, 384], [385, 386, 387, 388, 389], [390, 391, 392], [393, 394, 395, 396], [397, 398, 399, 400], [401, 402, 403, 404], [405, 406, 407, 408], [409, 410, 411], [412, 413, 414], [415, 416, 417, 418], [419, 420, 421, 422, 423], [424, 425, 426, 427], [428, 429, 430, 431], [432, 433, 434, 435], [436, 437, 438, 439], [440, 441, 442, 443, 444], [445, 446, 447, 448, 449], [450, 451, 452, 453], [454, 455, 456, 457, 458], [459, 460, 461, 462, 463], [464, 465, 466, 467, 468], [469, 470, 471], [472, 473, 474, 475, 476], [477, 478, 479, 480, 481], [482, 483, 484], [485, 486, 487], [488, 489, 490], [491, 492, 493, 494, 495], [496, 497, 498, 499, 500], [501, 502, 503], [504, 505, 506, 507], [508, 509, 510, 511], [512, 513, 514, 515], [516, 517, 518, 519], [520, 521, 522, 523, 524], [525, 526, 527, 528], [529, 530, 531], [532, 533, 534, 535, 536], [537, 538, 539], [540, 541, 542, 543], [544, 545, 546], [547, 548, 549, 550, 551], [552, 553, 554, 555], [556, 557, 558], [559, 560, 561, 562], [563, 564, 565, 566], [567, 568, 569], [570, 571, 572, 573], [574, 575, 576, 577, 578], [579, 580, 581], [582, 583, 584], [585, 586, 587, 588, 589], [590, 591, 592, 593, 594], [595, 596, 597], [598, 599, 600], [601, 602, 603], [604, 605, 606], [607, 608, 609, 610], [611, 612, 613], [614, 615, 616], [617, 618, 619, 620, 621], [622, 623, 624], [625, 626, 627, 628], [629, 630, 631, 632, 633], [634, 635, 636, 637], [638, 639, 640, 641], [642, 643, 644, 645], [646, 647, 648], [649, 650, 651, 652], [653, 654, 655, 656], [657, 658, 659, 660], [661, 662, 663, 664], [665, 666, 667], [668, 669, 670, 671, 672], [673, 674, 675, 676], [677, 678, 679, 680, 681], [682, 683, 684, 685], [686, 687, 688, 689], [690, 691, 692, 693, 694], [695, 696, 697], [698, 699, 700, 701], [702, 703, 704, 705], [706, 707, 708, 709, 710], [711, 712, 713, 714], [715, 716, 717], [718, 719, 720], [721, 722, 723, 724, 725], [726, 727, 728, 729, 730], [731, 732, 733, 734], [735, 736, 737], [738, 739, 740, 741, 742], [743, 744, 745], [746, 747, 748, 749], [750, 751, 752], [753, 754, 755, 756], [757, 758, 759, 760], [761, 762, 763], [764, 765, 766, 767, 768], [769, 770, 771, 772, 773], [774, 775, 776, 777, 778], [779, 780, 781], [782, 783, 784, 785, 786], [787, 788, 789, 790], [791, 792, 793, 794, 795], [796, 797, 798, 799, 800]]",200,278,101.382393635,10362,713.051832858,,139,5181
Block=3_Prob=1_n=200_nsets=800,"Vector{T} where T[[1, 2, 3, 4], [5, 6, 7, 8, 9], [10, 11, 12, 13], [14, 15, 16, 17], [18, 19, 20, 21, 22], [23, 24, 25, 26, 27], [28, 29, 30, 31], [32, 33, 34], [35, 36, 37], [38, 39, 40, 41, 42], [43, 44, 45], [46, 47, 48, 49, 50], [51, 52, 53], [54, 55, 56, 57, 58], [59, 60, 61, 62], [63, 64, 65], [66, 67, 68], [69, 70, 71, 72, 73], [74, 75, 76, 77, 78], [79, 80, 81, 82, 83], [84, 85, 86, 87, 88], [89, 90, 91], [92, 93, 94], [95, 96, 97, 98, 99], [100, 101, 102, 103, 104], [105, 106, 107, 108], [109, 110, 111], [112, 113, 114, 115], [116, 117, 118, 119], [120, 121, 122], [123, 124, 125, 126, 127], [128, 129, 130], [131, 132, 133], [134, 135, 136, 137, 138], [139, 140, 141, 142], [143, 144, 145, 146, 147], [148, 149, 150, 151], [152, 153, 154], [155, 156, 157, 158, 159], [160, 161, 162, 163], [164, 165, 166, 167], [168, 169, 170, 171], [172, 173, 174], [175, 176, 177], [178, 179, 180, 181, 182], [183, 184, 185, 186, 187], [188, 189, 190, 191, 192], [193, 194, 195, 196], [197, 198, 199, 200, 201], [202, 203, 204, 205, 206], [207, 208, 209], [210, 211, 212], [213, 214, 215, 216, 217], [218, 219, 220, 221], [222, 223, 224, 225], [226, 227, 228, 229, 230], [231, 232, 233, 234], [235, 236, 237, 238], [239, 240, 241, 242, 243], [244, 245, 246], [247, 248, 249], [250, 251, 252, 253], [254, 255, 256], [257, 258, 259], [260, 261, 262, 263], [264, 265, 266], [267, 268, 269, 270], [271, 272, 273], [274, 275, 276, 277, 278], [279, 280, 281], [282, 283, 284], [285, 286, 287, 288], [289, 290, 291], [292, 293, 294, 295, 296], [297, 298, 299], [300, 301, 302, 303, 304], [305, 306, 307], [308, 309, 310, 311, 312], [313, 314, 315, 316], [317, 318, 319, 320], [321, 322, 323, 324], [325, 326, 327], [328, 329, 330], [331, 332, 333, 334], [335, 336, 337, 338, 339], [340, 341, 342], [343, 344, 345], [346, 347, 348, 349], [350, 351, 352, 353], [354, 355, 356, 357, 358], [359, 360, 361, 362, 363], [364, 365, 366], [367, 368, 369, 370, 371], [372, 373, 374], [375, 376, 377, 378], [379, 380, 381, 382], [383, 384, 385, 386, 387], [388, 389, 390], [391, 392, 393, 394, 395], [396, 397, 398, 399, 400], [401, 402, 403], [404, 405, 406, 407, 408], [409, 410, 411, 412], [413, 414, 415], [416, 417, 418, 419], [420, 421, 422], [423, 424, 425, 426, 427], [428, 429, 430], [431, 432, 433, 434], [435, 436, 437], [438, 439, 440, 441], [442, 443, 444], [445, 446, 447, 448], [449, 450, 451, 452], [453, 454, 455], [456, 457, 458, 459], [460, 461, 462, 463, 464], [465, 466, 467], [468, 469, 470, 471, 472], [473, 474, 475, 476], [477, 478, 479, 480, 481], [482, 483, 484, 485], [486, 487, 488, 489, 490], [491, 492, 493], [494, 495, 496, 497, 498], [499, 500, 501, 502, 503], [504, 505, 506], [507, 508, 509], [510, 511, 512, 513, 514], [515, 516, 517], [518, 519, 520], [521, 522, 523, 524], [525, 526, 527], [528, 529, 530, 531], [532, 533, 534, 535, 536], [537, 538, 539, 540], [541, 542, 543], [544, 545, 546, 547, 548], [549, 550, 551, 552, 553], [554, 555, 556, 557, 558], [559, 560, 561], [562, 563, 564, 565], [566, 567, 568, 569], [570, 571, 572, 573, 574], [575, 576, 577, 578], [579, 580, 581, 582, 583], [584, 585, 586], [587, 588, 589], [590, 591, 592], [593, 594, 595, 596], [597, 598, 599], [600, 601, 602, 603, 604], [605, 606, 607, 608], [609, 610, 611], [612, 613, 614, 615], [616, 617, 618, 619], [620, 621, 622, 623, 624], [625, 626, 627], [628, 629, 630], [631, 632, 633, 634], [635, 636, 637, 638], [639, 640, 641, 642], [643, 644, 645], [646, 647, 648, 649, 650], [651, 652, 653, 654, 655], [656, 657, 658, 659, 660], [661, 662, 663, 664], [665, 666, 667], [668, 669, 670, 671], [672, 673, 674, 675], [676, 677, 678, 679], [680, 681, 682, 683], [684, 685, 686, 687, 688], [689, 690, 691, 692], [693, 694, 695, 696], [697, 698, 699, 700, 701], [702, 703, 704, 705], [706, 707, 708, 709], [710, 711, 712], [713, 714, 715, 716], [717, 718, 719, 720], [721, 722, 723], [724, 725, 726, 727, 728], [729, 730, 731, 732, 733], [734, 735, 736, 737], [738, 739, 740], [741, 742, 743, 744, 745], [746, 747, 748, 749], [750, 751, 752, 753, 754], [755, 756, 757], [758, 759, 760, 761, 762], [763, 764, 765, 766], [767, 768, 769, 770, 771], [772, 773, 774], [775, 776, 777, 778, 779], [780, 781, 782, 783, 784], [785, 786, 787], [788, 789, 790, 791, 792], [793, 794, 795], [796, 797, 798, 799], [800]]",201,612,106.23533602900001,11612,777.4964515290001,,306,5806
Block=3_Prob=2_n=200_nsets=800,"Vector{T} where T[[1, 2, 3, 4], [5, 6, 7, 8, 9], [10, 11, 12, 13], [14, 15, 16, 17], [18, 19, 20, 21, 22], [23, 24, 25, 26, 27], [28, 29, 30, 31], [32, 33, 34], [35, 36, 37], [38, 39, 40, 41, 42], [43, 44, 45], [46, 47, 48, 49, 50], [51, 52, 53], [54, 55, 56, 57, 58], [59, 60, 61, 62], [63, 64, 65], [66, 67, 68], [69, 70, 71, 72, 73], [74, 75, 76, 77, 78], [79, 80, 81, 82, 83], [84, 85, 86, 87, 88], [89, 90, 91], [92, 93, 94], [95, 96, 97, 98, 99], [100, 101, 102, 103, 104], [105, 106, 107, 108], [109, 110, 111], [112, 113, 114, 115], [116, 117, 118, 119], [120, 121, 122], [123, 124, 125, 126, 127], [128, 129, 130], [131, 132, 133], [134, 135, 136, 137, 138], [139, 140, 141, 142], [143, 144, 145, 146, 147], [148, 149, 150, 151], [152, 153, 154], [155, 156, 157, 158, 159], [160, 161, 162, 163], [164, 165, 166, 167], [168, 169, 170, 171], [172, 173, 174], [175, 176, 177], [178, 179, 180, 181, 182], [183, 184, 185, 186, 187], [188, 189, 190, 191, 192], [193, 194, 195, 196], [197, 198, 199, 200, 201], [202, 203, 204, 205, 206], [207, 208, 209], [210, 211, 212], [213, 214, 215, 216, 217], [218, 219, 220, 221], [222, 223, 224, 225], [226, 227, 228, 229, 230], [231, 232, 233, 234], [235, 236, 237, 238], [239, 240, 241, 242, 243], [244, 245, 246], [247, 248, 249], [250, 251, 252, 253], [254, 255, 256], [257, 258, 259], [260, 261, 262, 263], [264, 265, 266], [267, 268, 269, 270], [271, 272, 273], [274, 275, 276, 277, 278], [279, 280, 281], [282, 283, 284], [285, 286, 287, 288], [289, 290, 291], [292, 293, 294, 295, 296], [297, 298, 299], [300, 301, 302, 303, 304], [305, 306, 307], [308, 309, 310, 311, 312], [313, 314, 315, 316], [317, 318, 319, 320], [321, 322, 323, 324], [325, 326, 327], [328, 329, 330], [331, 332, 333, 334], [335, 336, 337, 338, 339], [340, 341, 342], [343, 344, 345], [346, 347, 348, 349], [350, 351, 352, 353], [354, 355, 356, 357, 358], [359, 360, 361, 362, 363], [364, 365, 366], [367, 368, 369, 370, 371], [372, 373, 374], [375, 376, 377, 378], [379, 380, 381, 382], [383, 384, 385, 386, 387], [388, 389, 390], [391, 392, 393, 394, 395], [396, 397, 398, 399, 400], [401, 402, 403], [404, 405, 406, 407, 408], [409, 410, 411, 412], [413, 414, 415], [416, 417, 418, 419], [420, 421, 422], [423, 424, 425, 426, 427], [428, 429, 430], [431, 432, 433, 434], [435, 436, 437], [438, 439, 440, 441], [442, 443, 444], [445, 446, 447, 448], [449, 450, 451, 452], [453, 454, 455], [456, 457, 458, 459], [460, 461, 462, 463, 464], [465, 466, 467], [468, 469, 470, 471, 472], [473, 474, 475, 476], [477, 478, 479, 480, 481], [482, 483, 484, 485], [486, 487, 488, 489, 490], [491, 492, 493], [494, 495, 496, 497, 498], [499, 500, 501, 502, 503], [504, 505, 506], [507, 508, 509], [510, 511, 512, 513, 514], [515, 516, 517], [518, 519, 520], [521, 522, 523, 524], [525, 526, 527], [528, 529, 530, 531], [532, 533, 534, 535, 536], [537, 538, 539, 540], [541, 542, 543], [544, 545, 546, 547, 548], [549, 550, 551, 552, 553], [554, 555, 556, 557, 558], [559, 560, 561], [562, 563, 564, 565], [566, 567, 568, 569], [570, 571, 572, 573, 574], [575, 576, 577, 578], [579, 580, 581, 582, 583], [584, 585, 586], [587, 588, 589], [590, 591, 592], [593, 594, 595, 596], [597, 598, 599], [600, 601, 602, 603, 604], [605, 606, 607, 608], [609, 610, 611], [612, 613, 614, 615], [616, 617, 618, 619], [620, 621, 622, 623, 624], [625, 626, 627], [628, 629, 630], [631, 632, 633, 634], [635, 636, 637, 638], [639, 640, 641, 642], [643, 644, 645], [646, 647, 648, 649, 650], [651, 652, 653, 654, 655], [656, 657, 658, 659, 660], [661, 662, 663, 664], [665, 666, 667], [668, 669, 670, 671], [672, 673, 674, 675], [676, 677, 678, 679], [680, 681, 682, 683], [684, 685, 686, 687, 688], [689, 690, 691, 692], [693, 694, 695, 696], [697, 698, 699, 700, 701], [702, 703, 704, 705], [706, 707, 708, 709], [710, 711, 712], [713, 714, 715, 716], [717, 718, 719, 720], [721, 722, 723], [724, 725, 726, 727, 728], [729, 730, 731, 732, 733], [734, 735, 736, 737], [738, 739, 740], [741, 742, 743, 744, 745], [746, 747, 748, 749], [750, 751, 752, 753, 754], [755, 756, 757], [758, 759, 760, 761, 762], [763, 764, 765, 766], [767, 768, 769, 770, 771], [772, 773, 774], [775, 776, 777, 778, 779], [780, 781, 782, 783, 784], [785, 786, 787], [788, 789, 790, 791, 792], [793, 794, 795], [796, 797, 798, 799], [800]]",201,462,98.481619956,44774,762.093508774,,231,22387
Block=4_Prob=1_n=200_nsets=800,"Vector{T} where T[[1, 2, 3], [4, 5, 6], [7, 8, 9], [10, 11, 12, 13, 14], [15, 16, 17, 18], [19, 20, 21, 22], [23, 24, 25], [26, 27, 28, 29], [30, 31, 32], [33, 34, 35], [36, 37, 38, 39], [40, 41, 42, 43, 44], [45, 46, 47, 48], [49, 50, 51], [52, 53, 54, 55, 56], [57, 58, 59], [60, 61, 62, 63, 64], [65, 66, 67], [68, 69, 70, 71, 72], [73, 74, 75, 76], [77, 78, 79], [80, 81, 82], [83, 84, 85, 86, 87], [88, 89, 90], [91, 92, 93, 94], [95, 96, 97, 98], [99, 100, 101, 102], [103, 104, 105], [106, 107, 108], [109, 110, 111, 112], [113, 114, 115], [116, 117, 118, 119, 120], [121, 122, 123, 124, 125], [126, 127, 128, 129], [130, 131, 132, 133], [134, 135, 136, 137, 138], [139, 140, 141, 142, 143], [144, 145, 146, 147, 148], [149, 150, 151], [152, 153, 154, 155, 156], [157, 158, 159, 160, 161], [162, 163, 164], [165, 166, 167, 168], [169, 170, 171], [172, 173, 174, 175, 176], [177, 178, 179], [180, 181, 182], [183, 184, 185], [186, 187, 188], [189, 190, 191, 192, 193], [194, 195, 196, 197], [198, 199, 200], [201, 202, 203, 204], [205, 206, 207, 208, 209], [210, 211, 212], [213, 214, 215, 216], [217, 218, 219, 220, 221], [222, 223, 224], [225, 226, 227, 228], [229, 230, 231], [232, 233, 234], [235, 236, 237], [238, 239, 240, 241], [242, 243, 244, 245], [246, 247, 248, 249, 250], [251, 252, 253, 254, 255], [256, 257, 258, 259], [260, 261, 262], [263, 264, 265, 266], [267, 268, 269, 270, 271], [272, 273, 274, 275], [276, 277, 278, 279], [280, 281, 282, 283, 284], [285, 286, 287, 288], [289, 290, 291], [292, 293, 294, 295], [296, 297, 298, 299, 300], [301, 302, 303, 304], [305, 306, 307, 308], [309, 310, 311], [312, 313, 314], [315, 316, 317], [318, 319, 320, 321, 322], [323, 324, 325, 326, 327], [328, 329, 330, 331, 332], [333, 334, 335], [336, 337, 338], [339, 340, 341], [342, 343, 344, 345], [346, 347, 348, 349], [350, 351, 352, 353], [354, 355, 356], [357, 358, 359, 360, 361], [362, 363, 364], [365, 366, 367, 368, 369], [370, 371, 372, 373], [374, 375, 376, 377, 378], [379, 380, 381], [382, 383, 384, 385, 386], [387, 388, 389], [390, 391, 392, 393], [394, 395, 396, 397], [398, 399, 400, 401], [402, 403, 404, 405], [406, 407, 408, 409, 410], [411, 412, 413, 414, 415], [416, 417, 418], [419, 420, 421], [422, 423, 424], [425, 426, 427, 428, 429], [430, 431, 432, 433, 434], [435, 436, 437], [438, 439, 440, 441, 442], [443, 444, 445], [446, 447, 448, 449, 450], [451, 452, 453, 454], [455, 456, 457, 458, 459], [460, 461, 462], [463, 464, 465, 466, 467], [468, 469, 470, 471, 472], [473, 474, 475, 476, 477], [478, 479, 480], [481, 482, 483, 484], [485, 486, 487, 488], [489, 490, 491, 492], [493, 494, 495, 496, 497], [498, 499, 500], [501, 502, 503, 504], [505, 506, 507], [508, 509, 510], [511, 512, 513, 514, 515], [516, 517, 518], [519, 520, 521, 522], [523, 524, 525], [526, 527, 528, 529], [530, 531, 532, 533], [534, 535, 536, 537, 538], [539, 540, 541, 542, 543], [544, 545, 546], [547, 548, 549, 550], [551, 552, 553], [554, 555, 556, 557, 558], [559, 560, 561], [562, 563, 564, 565], [566, 567, 568, 569], [570, 571, 572], [573, 574, 575, 576, 577], [578, 579, 580, 581, 582], [583, 584, 585, 586], [587, 588, 589, 590, 591], [592, 593, 594, 595], [596, 597, 598, 599, 600], [601, 602, 603, 604], [605, 606, 607], [608, 609, 610], [611, 612, 613], [614, 615, 616, 617, 618], [619, 620, 621, 622], [623, 624, 625], [626, 627, 628, 629], [630, 631, 632, 633, 634], [635, 636, 637], [638, 639, 640], [641, 642, 643], [644, 645, 646, 647], [648, 649, 650], [651, 652, 653], [654, 655, 656], [657, 658, 659, 660, 661], [662, 663, 664], [665, 666, 667, 668], [669, 670, 671, 672, 673], [674, 675, 676], [677, 678, 679, 680, 681], [682, 683, 684, 685], [686, 687, 688, 689], [690, 691, 692, 693, 694], [695, 696, 697, 698], [699, 700, 701, 702, 703], [704, 705, 706], [707, 708, 709, 710], [711, 712, 713, 714], [715, 716, 717, 718], [719, 720, 721], [722, 723, 724, 725, 726], [727, 728, 729, 730, 731], [732, 733, 734, 735, 736], [737, 738, 739], [740, 741, 742], [743, 744, 745], [746, 747, 748, 749, 750], [751, 752, 753], [754, 755, 756], [757, 758, 759, 760], [761, 762, 763, 764], [765, 766, 767, 768, 769], [770, 771, 772], [773, 774, 775, 776], [777, 778, 779, 780, 781], [782, 783, 784, 785, 786], [787, 788, 789], [790, 791, 792, 793, 794], [795, 796, 797], [798, 799, 800]]",204,404,101.51370407600001,18842,893.0378955870001,,202,9421
Block=4_Prob=2_n=200_nsets=800,"Vector{T} where T[[1, 2, 3], [4, 5, 6], [7, 8, 9], [10, 11, 12, 13, 14], [15, 16, 17, 18], [19, 20, 21, 22], [23, 24, 25], [26, 27, 28, 29], [30, 31, 32], [33, 34, 35], [36, 37, 38, 39], [40, 41, 42, 43, 44], [45, 46, 47, 48], [49, 50, 51], [52, 53, 54, 55, 56], [57, 58, 59], [60, 61, 62, 63, 64], [65, 66, 67], [68, 69, 70, 71, 72], [73, 74, 75, 76], [77, 78, 79], [80, 81, 82], [83, 84, 85, 86, 87], [88, 89, 90], [91, 92, 93, 94], [95, 96, 97, 98], [99, 100, 101, 102], [103, 104, 105], [106, 107, 108], [109, 110, 111, 112], [113, 114, 115], [116, 117, 118, 119, 120], [121, 122, 123, 124, 125], [126, 127, 128, 129], [130, 131, 132, 133], [134, 135, 136, 137, 138], [139, 140, 141, 142, 143], [144, 145, 146, 147, 148], [149, 150, 151], [152, 153, 154, 155, 156], [157, 158, 159, 160, 161], [162, 163, 164], [165, 166, 167, 168], [169, 170, 171], [172, 173, 174, 175, 176], [177, 178, 179], [180, 181, 182], [183, 184, 185], [186, 187, 188], [189, 190, 191, 192, 193], [194, 195, 196, 197], [198, 199, 200], [201, 202, 203, 204], [205, 206, 207, 208, 209], [210, 211, 212], [213, 214, 215, 216], [217, 218, 219, 220, 221], [222, 223, 224], [225, 226, 227, 228], [229, 230, 231], [232, 233, 234], [235, 236, 237], [238, 239, 240, 241], [242, 243, 244, 245], [246, 247, 248, 249, 250], [251, 252, 253, 254, 255], [256, 257, 258, 259], [260, 261, 262], [263, 264, 265, 266], [267, 268, 269, 270, 271], [272, 273, 274, 275], [276, 277, 278, 279], [280, 281, 282, 283, 284], [285, 286, 287, 288], [289, 290, 291], [292, 293, 294, 295], [296, 297, 298, 299, 300], [301, 302, 303, 304], [305, 306, 307, 308], [309, 310, 311], [312, 313, 314], [315, 316, 317], [318, 319, 320, 321, 322], [323, 324, 325, 326, 327], [328, 329, 330, 331, 332], [333, 334, 335], [336, 337, 338], [339, 340, 341], [342, 343, 344, 345], [346, 347, 348, 349], [350, 351, 352, 353], [354, 355, 356], [357, 358, 359, 360, 361], [362, 363, 364], [365, 366, 367, 368, 369], [370, 371, 372, 373], [374, 375, 376, 377, 378], [379, 380, 381], [382, 383, 384, 385, 386], [387, 388, 389], [390, 391, 392, 393], [394, 395, 396, 397], [398, 399, 400, 401], [402, 403, 404, 405], [406, 407, 408, 409, 410], [411, 412, 413, 414, 415], [416, 417, 418], [419, 420, 421], [422, 423, 424], [425, 426, 427, 428, 429], [430, 431, 432, 433, 434], [435, 436, 437], [438, 439, 440, 441, 442], [443, 444, 445], [446, 447, 448, 449, 450], [451, 452, 453, 454], [455, 456, 457, 458, 459], [460, 461, 462], [463, 464, 465, 466, 467], [468, 469, 470, 471, 472], [473, 474, 475, 476, 477], [478, 479, 480], [481, 482, 483, 484], [485, 486, 487, 488], [489, 490, 491, 492], [493, 494, 495, 496, 497], [498, 499, 500], [501, 502, 503, 504], [505, 506, 507], [508, 509, 510], [511, 512, 513, 514, 515], [516, 517, 518], [519, 520, 521, 522], [523, 524, 525], [526, 527, 528, 529], [530, 531, 532, 533], [534, 535, 536, 537, 538], [539, 540, 541, 542, 543], [544, 545, 546], [547, 548, 549, 550], [551, 552, 553], [554, 555, 556, 557, 558], [559, 560, 561], [562, 563, 564, 565], [566, 567, 568, 569], [570, 571, 572], [573, 574, 575, 576, 577], [578, 579, 580, 581, 582], [583, 584, 585, 586], [587, 588, 589, 590, 591], [592, 593, 594, 595], [596, 597, 598, 599, 600], [601, 602, 603, 604], [605, 606, 607], [608, 609, 610], [611, 612, 613], [614, 615, 616, 617, 618], [619, 620, 621, 622], [623, 624, 625], [626, 627, 628, 629], [630, 631, 632, 633, 634], [635, 636, 637], [638, 639, 640], [641, 642, 643], [644, 645, 646, 647], [648, 649, 650], [651, 652, 653], [654, 655, 656], [657, 658, 659, 660, 661], [662, 663, 664], [665, 666, 667, 668], [669, 670, 671, 672, 673], [674, 675, 676], [677, 678, 679, 680, 681], [682, 683, 684, 685], [686, 687, 688, 689], [690, 691, 692, 693, 694], [695, 696, 697, 698], [699, 700, 701, 702, 703], [704, 705, 706], [707, 708, 709, 710], [711, 712, 713, 714], [715, 716, 717, 718], [719, 720, 721], [722, 723, 724, 725, 726], [727, 728, 729, 730, 731], [732, 733, 734, 735, 736], [737, 738, 739], [740, 741, 742], [743, 744, 745], [746, 747, 748, 749, 750], [751, 752, 753], [754, 755, 756], [757, 758, 759, 760], [761, 762, 763, 764], [765, 766, 767, 768, 769], [770, 771, 772], [773, 774, 775, 776], [777, 778, 779, 780, 781], [782, 783, 784, 785, 786], [787, 788, 789], [790, 791, 792, 793, 794], [795, 796, 797], [798, 799, 800]]",204,474,99.45859894,50000,1085.9685199130001,,237,25000
Block=5_Prob=1_n=200_nsets=800,"Vector{T} where T[[1, 2, 3, 4, 5], [6, 7, 8], [9, 10, 11, 12], [13, 14, 15, 16, 17], [18, 19, 20, 21, 22], [23, 24, 25], [26, 27, 28, 29, 30], [31, 32, 33, 34], [35, 36, 37, 38], [39, 40, 41, 42, 43], [44, 45, 46], [47, 48, 49, 50, 51], [52, 53, 54, 55], [56, 57, 58], [59, 60, 61, 62], [63, 64, 65, 66, 67], [68, 69, 70, 71, 72], [73, 74, 75, 76], [77, 78, 79], [80, 81, 82, 83, 84], [85, 86, 87, 88], [89, 90, 91], [92, 93, 94, 95, 96], [97, 98, 99, 100], [101, 102, 103], [104, 105, 106, 107], [108, 109, 110, 111, 112], [113, 114, 115, 116], [117, 118, 119], [120, 121, 122, 123], [124, 125, 126, 127, 128], [129, 130, 131, 132], [133, 134, 135], [136, 137, 138, 139, 140], [141, 142, 143, 144, 145], [146, 147, 148, 149], [150, 151, 152, 153], [154, 155, 156, 157, 158], [159, 160, 161], [162, 163, 164, 165, 166], [167, 168, 169], [170, 171, 172, 173], [174, 175, 176], [177, 178, 179, 180], [181, 182, 183, 184], [185, 186, 187, 188, 189], [190, 191, 192, 193, 194], [195, 196, 197, 198], [199, 200, 201, 202], [203, 204, 205, 206, 207], [208, 209, 210, 211], [212, 213, 214], [215, 216, 217, 218, 219], [220, 221, 222, 223, 224], [225, 226, 227], [228, 229, 230, 231, 232], [233, 234, 235, 236], [237, 238, 239], [240, 241, 242, 243], [244, 245, 246, 247, 248], [249, 250, 251, 252, 253], [254, 255, 256], [257, 258, 259, 260], [261, 262, 263], [264, 265, 266, 267, 268], [269, 270, 271, 272, 273], [274, 275, 276, 277], [278, 279, 280, 281, 282], [283, 284, 285], [286, 287, 288, 289], [290, 291, 292, 293, 294], [295, 296, 297, 298, 299], [300, 301, 302, 303], [304, 305, 306], [307, 308, 309, 310], [311, 312, 313, 314], [315, 316, 317, 318, 319], [320, 321, 322, 323, 324], [325, 326, 327], [328, 329, 330], [331, 332, 333, 334, 335], [336, 337, 338, 339], [340, 341, 342, 343, 344], [345, 346, 347, 348, 349], [350, 351, 352, 353], [354, 355, 356], [357, 358, 359, 360], [361, 362, 363, 364, 365], [366, 367, 368], [369, 370, 371], [372, 373, 374, 375], [376, 377, 378], [379, 380, 381, 382], [383, 384, 385, 386, 387], [388, 389, 390, 391], [392, 393, 394, 395], [396, 397, 398], [399, 400, 401, 402], [403, 404, 405, 406], [407, 408, 409], [410, 411, 412, 413], [414, 415, 416, 417, 418], [419, 420, 421], [422, 423, 424, 425, 426], [427, 428, 429, 430], [431, 432, 433, 434], [435, 436, 437, 438], [439, 440, 441, 442, 443], [444, 445, 446, 447], [448, 449, 450, 451], [452, 453, 454, 455], [456, 457, 458], [459, 460, 461], [462, 463, 464], [465, 466, 467], [468, 469, 470, 471], [472, 473, 474], [475, 476, 477], [478, 479, 480, 481, 482], [483, 484, 485, 486], [487, 488, 489, 490, 491], [492, 493, 494, 495], [496, 497, 498], [499, 500, 501, 502, 503], [504, 505, 506, 507, 508], [509, 510, 511, 512], [513, 514, 515], [516, 517, 518], [519, 520, 521, 522], [523, 524, 525], [526, 527, 528, 529, 530], [531, 532, 533, 534, 535], [536, 537, 538, 539, 540], [541, 542, 543, 544], [545, 546, 547, 548, 549], [550, 551, 552], [553, 554, 555, 556], [557, 558, 559, 560], [561, 562, 563], [564, 565, 566, 567, 568], [569, 570, 571], [572, 573, 574, 575], [576, 577, 578, 579], [580, 581, 582, 583], [584, 585, 586, 587], [588, 589, 590, 591], [592, 593, 594, 595, 596], [597, 598, 599], [600, 601, 602], [603, 604, 605, 606, 607], [608, 609, 610, 611, 612], [613, 614, 615, 616], [617, 618, 619, 620], [621, 622, 623, 624], [625, 626, 627, 628, 629], [630, 631, 632, 633], [634, 635, 636], [637, 638, 639], [640, 641, 642, 643, 644], [645, 646, 647, 648, 649], [650, 651, 652, 653], [654, 655, 656, 657], [658, 659, 660, 661], [662, 663, 664, 665, 666], [667, 668, 669], [670, 671, 672], [673, 674, 675, 676], [677, 678, 679, 680], [681, 682, 683, 684, 685], [686, 687, 688, 689, 690], [691, 692, 693, 694], [695, 696, 697, 698, 699], [700, 701, 702], [703, 704, 705], [706, 707, 708, 709], [710, 711, 712, 713], [714, 715, 716, 717], [718, 719, 720], [721, 722, 723, 724], [725, 726, 727], [728, 729, 730], [731, 732, 733, 734], [735, 736, 737], [738, 739, 740], [741, 742, 743, 744], [745, 746, 747, 748], [749, 750, 751, 752, 753], [754, 755, 756], [757, 758, 759, 760, 761], [762, 763, 764, 765], [766, 767, 768, 769, 770], [771, 772, 773, 774, 775], [776, 777, 778, 779], [780, 781, 782, 783, 784], [785, 786, 787, 788], [789, 790, 791, 792, 793], [794, 795, 796, 797], [798, 799, 800]]",198,278,105.197620708,32430,472.63141237300005,,139,16215
Block=5_Prob=2_n=200_nsets=800,"Vector{T} where T[[1, 2, 3, 4, 5], [6, 7, 8], [9, 10, 11, 12], [13, 14, 15, 16, 17], [18, 19, 20, 21, 22], [23, 24, 25], [26, 27, 28, 29, 30], [31, 32, 33, 34], [35, 36, 37, 38], [39, 40, 41, 42, 43], [44, 45, 46], [47, 48, 49, 50, 51], [52, 53, 54, 55], [56, 57, 58], [59, 60, 61, 62], [63, 64, 65, 66, 67], [68, 69, 70, 71, 72], [73, 74, 75, 76], [77, 78, 79], [80, 81, 82, 83, 84], [85, 86, 87, 88], [89, 90, 91], [92, 93, 94, 95, 96], [97, 98, 99, 100], [101, 102, 103], [104, 105, 106, 107], [108, 109, 110, 111, 112], [113, 114, 115, 116], [117, 118, 119], [120, 121, 122, 123], [124, 125, 126, 127, 128], [129, 130, 131, 132], [133, 134, 135], [136, 137, 138, 139, 140], [141, 142, 143, 144, 145], [146, 147, 148, 149], [150, 151, 152, 153], [154, 155, 156, 157, 158], [159, 160, 161], [162, 163, 164, 165, 166], [167, 168, 169], [170, 171, 172, 173], [174, 175, 176], [177, 178, 179, 180], [181, 182, 183, 184], [185, 186, 187, 188, 189], [190, 191, 192, 193, 194], [195, 196, 197, 198], [199, 200, 201, 202], [203, 204, 205, 206, 207], [208, 209, 210, 211], [212, 213, 214], [215, 216, 217, 218, 219], [220, 221, 222, 223, 224], [225, 226, 227], [228, 229, 230, 231, 232], [233, 234, 235, 236], [237, 238, 239], [240, 241, 242, 243], [244, 245, 246, 247, 248], [249, 250, 251, 252, 253], [254, 255, 256], [257, 258, 259, 260], [261, 262, 263], [264, 265, 266, 267, 268], [269, 270, 271, 272, 273], [274, 275, 276, 277], [278, 279, 280, 281, 282], [283, 284, 285], [286, 287, 288, 289], [290, 291, 292, 293, 294], [295, 296, 297, 298, 299], [300, 301, 302, 303], [304, 305, 306], [307, 308, 309, 310], [311, 312, 313, 314], [315, 316, 317, 318, 319], [320, 321, 322, 323, 324], [325, 326, 327], [328, 329, 330], [331, 332, 333, 334, 335], [336, 337, 338, 339], [340, 341, 342, 343, 344], [345, 346, 347, 348, 349], [350, 351, 352, 353], [354, 355, 356], [357, 358, 359, 360], [361, 362, 363, 364, 365], [366, 367, 368], [369, 370, 371], [372, 373, 374, 375], [376, 377, 378], [379, 380, 381, 382], [383, 384, 385, 386, 387], [388, 389, 390, 391], [392, 393, 394, 395], [396, 397, 398], [399, 400, 401, 402], [403, 404, 405, 406], [407, 408, 409], [410, 411, 412, 413], [414, 415, 416, 417, 418], [419, 420, 421], [422, 423, 424, 425, 426], [427, 428, 429, 430], [431, 432, 433, 434], [435, 436, 437, 438], [439, 440, 441, 442, 443], [444, 445, 446, 447], [448, 449, 450, 451], [452, 453, 454, 455], [456, 457, 458], [459, 460, 461], [462, 463, 464], [465, 466, 467], [468, 469, 470, 471], [472, 473, 474], [475, 476, 477], [478, 479, 480, 481, 482], [483, 484, 485, 486], [487, 488, 489, 490, 491], [492, 493, 494, 495], [496, 497, 498], [499, 500, 501, 502, 503], [504, 505, 506, 507, 508], [509, 510, 511, 512], [513, 514, 515], [516, 517, 518], [519, 520, 521, 522], [523, 524, 525], [526, 527, 528, 529, 530], [531, 532, 533, 534, 535], [536, 537, 538, 539, 540], [541, 542, 543, 544], [545, 546, 547, 548, 549], [550, 551, 552], [553, 554, 555, 556], [557, 558, 559, 560], [561, 562, 563], [564, 565, 566, 567, 568], [569, 570, 571], [572, 573, 574, 575], [576, 577, 578, 579], [580, 581, 582, 583], [584, 585, 586, 587], [588, 589, 590, 591], [592, 593, 594, 595, 596], [597, 598, 599], [600, 601, 602], [603, 604, 605, 606, 607], [608, 609, 610, 611, 612], [613, 614, 615, 616], [617, 618, 619, 620], [621, 622, 623, 624], [625, 626, 627, 628, 629], [630, 631, 632, 633], [634, 635, 636], [637, 638, 639], [640, 641, 642, 643, 644], [645, 646, 647, 648, 649], [650, 651, 652, 653], [654, 655, 656, 657], [658, 659, 660, 661], [662, 663, 664, 665, 666], [667, 668, 669], [670, 671, 672], [673, 674, 675, 676], [677, 678, 679, 680], [681, 682, 683, 684, 685], [686, 687, 688, 689, 690], [691, 692, 693, 694], [695, 696, 697, 698, 699], [700, 701, 702], [703, 704, 705], [706, 707, 708, 709], [710, 711, 712, 713], [714, 715, 716, 717], [718, 719, 720], [721, 722, 723, 724], [725, 726, 727], [728, 729, 730], [731, 732, 733, 734], [735, 736, 737], [738, 739, 740], [741, 742, 743, 744], [745, 746, 747, 748], [749, 750, 751, 752, 753], [754, 755, 756], [757, 758, 759, 760, 761], [762, 763, 764, 765], [766, 767, 768, 769, 770], [771, 772, 773, 774, 775], [776, 777, 778, 779], [780, 781, 782, 783, 784], [785, 786, 787, 788], [789, 790, 791, 792, 793], [794, 795, 796, 797], [798, 799, 800]]",198,1108,96.33013944800001,18316,1069.462118896,,554,9158
